348
100
770 893
515 893
3 893
266 893
13 893
17 893
18 893
19 893
283 893
29 893
287 893
38 893
302 893
46 893
815 893
48 893
51 893
564 893
821 893
55 893
313 893
826 893
321 893
586 893
336 893
849 893
81 893
595 893
84 893
857 893
90 893
859 893
860 893
861 893
865 893
97 893
353 893
868 893
359 893
872 893
105 893
107 893
108 893
364 893
877 893
112 893
883 893
374 893
375 893
126 893
129 893
387 893
647 893
393 893
907 893
910 893
142 893
658 893
659 893
148 893
407 893
921 893
162 893
420 893
427 893
684 893
428 893
430 893
943 893
692 893
180 893
439 893
188 893
446 893
960 893
451 893
709 893
710 893
203 893
721 893
467 893
470 893
472 893
728 893
478 893
991 893
235 893
236 893
494 893
495 893
239 893
496 893
241 893
758 893
764 893
253 893
765 893
766 893
510 893
511 893
