7
100
11 11
11 22
11 33
11 44
11 55
11 66
11 77
11 88
11 99
11 110
22 11
22 22
22 33
22 44
22 55
22 66
22 77
22 88
22 99
22 110
33 11
33 22
33 33
33 44
33 55
33 66
33 77
33 88
33 99
33 110
44 11
44 22
44 33
44 44
44 55
44 66
44 77
44 88
44 99
44 110
55 11
55 22
55 33
55 44
55 55
55 66
55 77
55 88
55 99
55 110
66 11
66 22
66 33
66 44
66 55
66 66
66 77
66 88
66 99
66 110
77 11
77 22
77 33
77 44
77 55
77 66
77 77
77 88
77 99
77 110
88 11
88 22
88 33
88 44
88 55
88 66
88 77
88 88
88 99
88 110
99 11
99 22
99 33
99 44
99 55
99 66
99 77
99 88
99 99
99 110
110 11
110 22
110 33
110 44
110 55
110 66
110 77
110 88
110 99
110 110
