417
100
234 219
560 627
478 966
324 855
217 846
912 131
708 881
477 196
233 743
457 496
515 602
964 617
338 973
957 736
885 32
230 169
214 47
945 949
997 404
445 220
390 190
798 517
702 259
144 940
699 441
540 213
507 433
669 228
575 532
171 826
539 437
559 661
783 151
836 650
616 240
249 147
236 607
677 701
497 209
695 127
663 381
989 265
949 583
179 543
534 605
208 984
151 638
753 764
411 487
3 673
716 904
844 898
869 732
442 970
163 948
936 822
960 878
335 1000
983 684
567 688
310 152
594 46
574 354
528 18
312 983
235 921
101 779
38 805
780 431
863 398
576 930
236 959
1 956
874 649
753 53
70 59
847 793
433 68
127 663
285 618
905 160
531 400
424 646
846 522
244 426
699 857
538 324
785 355
96 724
100 54
799 205
452 320
738 274
556 6
722 662
675 814
599 6
245 991
529 886
678 621
