5
100
474 864
474 863
474 862
437 998
510 700
474 868
676 335
474 867
474 866
474 865
496 391
666 364
183 815
501 252
134 408
915 218
118 541
490 520
256 274
225 45
364 570
18 212
600 96
386 366
861 507
102 978
942 395
192 330
930 644
869 457
797 3
480 864
480 863
480 862
546 663
480 868
480 867
480 866
480 865
968 568
790 385
259 696
487 529
479 864
479 863
139 380
479 862
479 868
479 867
674 184
479 866
44 927
479 865
428 936
902 525
699 1
212 870
294 276
478 864
103 306
478 863
478 862
482 445
291 992
478 868
478 867
478 866
754 62
478 865
271 769
477 864
477 863
477 862
40 868
898 488
477 868
477 867
477 866
477 865
571 817
693 421
926 890
476 864
476 863
476 862
476 868
847 545
476 867
476 866
476 865
475 864
475 863
475 862
687 566
475 868
475 867
475 866
475 865
858 83
119 14
