14
100
156 160
156 167
145 160
156 169
257 293
257 299
145 168
257 303
145 174
145 172
257 306
257 304
144 162
144 163
155 168
267 303
256 294
256 293
144 170
256 296
154 158
256 301
144 173
154 157
154 162
143 155
154 163
256 306
154 160
267 312
256 309
143 156
266 300
255 293
143 169
153 159
255 300
265 293
255 306
153 160
255 305
142 158
266 312
255 311
265 297
265 306
142 173
254 305
152 160
264 295
152 167
152 165
264 300
264 301
264 303
253 294
264 299
253 299
264 311
151 157
263 293
253 306
151 171
252 294
263 309
150 162
150 163
150 160
161 168
161 173
160 155
251 294
251 297
160 167
160 172
159 160
261 311
159 174
148 166
260 294
148 167
158 158
260 302
249 294
148 173
260 307
249 296
249 301
249 300
147 157
260 312
147 169
259 302
248 293
248 297
259 304
259 311
146 156
248 309
146 172
