1
100
371 258
371 777
371 265
371 12
371 781
371 783
371 273
371 17
371 276
371 789
371 535
371 536
371 27
371 30
371 290
371 549
371 807
371 552
371 298
371 559
371 50
371 818
371 823
371 313
371 314
371 571
371 827
371 63
371 839
371 330
371 590
371 336
371 84
371 855
371 600
371 91
371 95
371 867
371 102
371 105
371 618
371 362
371 109
371 622
371 368
371 627
371 118
371 630
371 120
371 383
371 640
371 391
371 905
371 651
371 398
371 400
371 145
371 658
371 659
371 147
371 148
371 149
371 152
371 920
371 153
371 410
371 924
371 671
371 417
371 929
371 420
371 166
371 936
371 937
371 171
371 940
371 175
371 178
371 697
371 191
371 706
371 962
371 963
371 200
371 202
371 973
371 717
371 718
371 976
371 978
371 980
371 729
371 731
371 477
371 481
371 994
371 743
371 746
371 505
371 254
