49
2 0
8 1
2 0
8 0
3 1
1 1
10 1
2 1
9 1
4 0
1 0
5 0
8 1
4 1
10 0
7 0
5 1
4 0
5 0
9 0
1 0
6 1
10 1
7 0
1 0
3 0
9 0
6 1
10 0
6 0
3 1
1 1
10 1
10 1
7 1
2 0
8 1
10 1
9 1
8 0
2 1
3 0
1 1
8 1
9 0
1 0
9 0
2 1
7 0
48
20 3
2 3 5 7 11 15 19 24 28 30 31 36 37 38 39 40 45 46 48 49
28 2
1 3 4 5 6 8 12 13 14 16 18 19 22 25 26 27 28 29 30 33 37 39 43 44 45 46 47 48
28 9
1 2 3 5 7 8 9 12 13 14 15 16 17 18 19 21 22 25 26 29 33 34 36 37 43 44 45 46
24 4
2 3 4 5 8 10 14 15 22 24 26 28 29 33 34 35 36 37 38 40 41 43 44 47
25 9
1 3 4 6 7 11 12 16 17 19 21 24 25 27 29 34 35 37 39 40 41 44 46 47 49
25 3
5 6 7 8 9 11 14 15 16 20 22 23 26 27 28 29 31 32 33 34 38 39 41 44 46
23 1
1 3 7 9 10 12 14 18 19 20 21 24 25 32 35 36 39 40 41 42 45 46 48
21 7
2 11 13 14 19 20 23 27 28 29 30 31 32 34 37 39 40 41 45 47 49
25 3
1 2 5 6 8 10 12 13 14 16 17 19 21 24 25 30 32 36 37 40 42 44 46 48 49
25 8
6 9 11 12 14 15 18 20 24 25 28 29 30 31 32 33 34 36 39 40 41 44 45 46 47
27 10
1 2 4 6 7 9 11 15 18 20 22 26 27 28 29 31 33 34 35 36 39 40 41 43 44 47 49
29 6
2 3 5 6 7 8 9 10 11 13 15 16 17 18 19 21 25 27 29 32 34 35 36 40 41 42 43 44 45
22 10
2 5 6 7 11 13 14 15 18 20 21 25 27 28 30 32 35 36 42 44 46 47
24 7
1 2 6 8 13 15 16 17 18 19 20 21 24 25 28 29 31 34 39 41 42 45 46 47
23 8
2 3 7 9 11 14 15 16 17 18 19 21 23 25 27 31 33 35 37 42 43 47 48
24 2
1 2 3 5 8 9 10 11 13 15 20 24 25 26 31 33 34 36 37 38 42 43 44 45
19 1
1 3 4 10 13 14 15 16 21 23 26 29 34 35 37 41 46 47 49
20 7
1 7 12 14 17 22 25 27 29 33 34 36 37 43 44 45 46 47 48 49
30 10
1 2 4 5 6 9 10 11 13 15 16 17 19 20 24 25 26 27 31 32 34 35 36 38 40 42 43 44 45 49
22 3
2 5 6 7 9 13 15 18 19 22 23 28 30 31 33 34 40 43 44 45 48 49
26 8
1 2 3 5 6 11 12 13 16 19 21 22 23 25 28 29 30 33 34 37 40 43 44 46 47 48
25 7
1 2 6 10 13 14 16 17 18 19 24 25 27 29 30 31 32 34 35 39 41 42 44 48 49
21 7
1 4 5 6 10 11 12 20 22 27 28 31 32 34 35 38 43 44 46 47 49
25 4
2 6 7 8 10 11 12 16 21 22 28 29 30 32 33 35 36 37 40 41 42 45 47 48 49
17 3
3 6 7 13 14 19 21 23 26 30 33 34 35 44 45 47 48
25 9
1 3 4 6 9 12 13 14 17 25 27 29 30 31 32 33 36 37 40 44 45 46 47 48 49
25 10
1 3 4 7 8 9 10 11 18 24 26 28 30 31 32 33 35 37 39 41 44 45 47 48 49
21 4
1 4 5 8 9 10 15 16 20 22 25 26 30 32 33 39 40 41 46 47 49
25 6
1 2 3 4 5 8 13 16 22 25 27 28 32 33 34 35 37 38 39 42 44 45 46 47 49
26 6
2 5 9 12 13 14 15 17 24 25 26 29 30 31 32 33 35 38 39 40 41 42 44 45 46 47
25 6
1 3 4 5 6 8 9 11 12 13 15 16 18 20 23 25 32 34 38 39 41 43 47 48 49
26 9
2 4 5 6 7 8 9 11 12 13 15 18 19 20 21 29 30 35 37 38 39 41 42 45 46 48
19 10
3 7 8 14 17 18 19 21 23 24 28 29 30 33 36 38 42 48 49
33 2
1 3 4 7 9 10 11 12 13 15 16 18 19 21 22 23 24 25 26 27 31 33 34 35 36 37 39 41 42 43 45 46 48
28 6
4 5 6 7 8 9 10 11 12 13 17 18 19 20 21 25 26 27 28 29 32 36 37 38 40 41 47 49
18 1
1 4 6 10 16 17 21 22 24 27 28 31 32 34 37 38 40 44
24 5
2 8 9 10 11 14 15 16 23 25 26 28 29 30 32 35 36 40 41 43 44 45 48 49
21 1
2 3 4 5 8 13 14 16 19 21 25 29 30 32 34 36 38 39 41 42 47
23 3
1 2 4 5 7 8 10 11 14 16 17 22 23 25 28 31 32 33 35 39 41 47 48
26 6
1 6 10 14 16 17 20 22 23 25 26 27 30 31 32 34 37 39 40 41 42 43 45 46 47 49
22 4
1 2 3 4 8 9 10 17 18 19 23 27 29 30 31 35 37 39 41 44 48 49
33 8
1 3 4 7 8 12 13 14 17 18 20 21 22 23 24 25 26 28 29 30 33 34 35 36 37 38 39 40 41 42 43 46 47
28 8
1 2 3 7 9 12 13 14 17 19 21 22 23 25 27 30 32 34 35 36 37 39 41 42 43 45 46 49
29 9
2 3 4 5 7 8 9 10 12 14 16 18 20 21 22 23 25 27 28 30 31 35 36 37 38 42 43 44 46
28 1
1 2 3 5 11 12 14 17 18 19 20 21 22 27 28 30 31 34 36 37 38 39 40 41 42 43 46 48
28 10
1 2 4 5 6 11 12 14 16 20 21 22 25 26 27 28 30 32 34 35 36 38 39 41 43 45 47 48
20 6
1 2 4 8 9 10 11 14 15 16 17 18 21 23 28 32 38 39 46 48
22 5
1 2 5 7 9 10 12 19 22 27 29 30 32 34 35 37 40 41 44 45 48 49
