50
6 1
3 0
1 0
8 0
2 1
8 1
7 0
6 1
9 1
7 1
2 1
4 0
3 1
8 1
7 0
8 0
4 0
5 1
7 1
3 1
3 1
9 1
10 0
3 1
4 1
5 0
1 1
1 0
6 1
2 1
8 1
8 0
4 1
9 1
6 0
2 1
6 1
1 1
8 1
3 0
7 1
9 0
9 1
2 1
3 0
8 0
6 0
5 0
7 0
3 1
49
22 7
1 5 6 9 13 15 17 21 23 25 28 30 32 33 35 37 38 43 44 45 47 50
25 5
5 10 12 16 17 19 23 24 25 26 28 29 30 32 33 35 38 39 42 43 44 46 48 49 50
16 2
1 2 6 9 13 18 19 23 24 27 31 32 37 43 46 50
25 3
2 3 4 10 11 12 13 14 15 16 17 20 25 26 28 30 33 34 36 37 39 40 41 43 48
26 5
1 3 4 5 8 10 11 12 15 16 18 20 21 22 24 25 26 27 29 30 34 36 41 42 43 47
26 4
1 2 6 10 12 13 15 16 18 19 22 25 28 32 33 36 37 39 41 42 43 44 45 48 49 50
22 9
1 5 9 11 13 14 17 19 20 24 27 28 29 31 33 34 39 40 43 44 45 47
23 2
2 3 4 5 6 10 12 14 15 17 19 22 25 27 28 31 32 33 38 43 46 48 49
27 3
1 2 4 7 10 11 12 14 17 18 21 22 23 24 25 27 29 30 32 33 36 38 39 40 48 49 50
26 10
3 4 5 6 7 8 9 13 16 17 22 24 25 26 27 32 34 36 38 39 40 42 43 44 45 50
26 3
3 4 5 7 8 10 11 12 16 17 18 21 22 24 25 27 28 34 36 37 38 39 40 43 45 46
27 5
4 5 10 12 13 14 15 16 23 24 25 27 28 30 33 35 37 39 40 41 42 45 46 47 48 49 50
25 4
4 5 8 9 10 11 12 13 14 15 16 18 25 29 30 32 33 36 37 42 43 44 48 49 50
31 2
1 2 3 6 9 10 13 14 15 18 21 22 23 25 27 29 31 32 33 34 35 36 38 39 40 44 45 46 47 48 50
22 8
7 10 12 14 16 17 18 19 20 21 22 23 24 28 35 37 39 40 42 48 49 50
22 1
3 4 6 8 11 14 15 16 20 22 23 25 26 30 31 32 33 36 42 44 45 48
19 10
2 7 11 12 16 21 22 31 33 34 35 36 37 39 42 43 45 46 48
24 8
1 2 3 4 7 10 11 12 16 22 23 24 26 27 28 29 30 35 41 42 43 44 46 49
23 9
3 4 9 10 12 13 20 21 29 30 32 33 34 36 39 40 41 43 44 46 47 48 50
27 7
1 2 5 8 10 11 12 14 17 19 22 23 24 26 28 29 30 31 33 34 38 42 43 44 46 47 48
26 5
3 4 7 8 9 13 14 17 18 20 22 23 24 28 31 34 35 37 39 40 41 42 43 45 46 49
28 9
1 3 6 8 11 13 16 17 19 21 23 25 26 30 32 33 34 35 36 38 41 42 43 45 46 48 49 50
26 8
1 2 3 4 5 7 8 11 12 13 18 19 20 24 26 27 28 32 33 34 37 39 40 48 49 50
23 9
4 6 8 9 11 12 13 14 15 18 19 26 28 31 34 35 38 39 41 43 44 45 47
27 7
5 6 14 18 19 21 23 25 26 27 28 29 30 31 32 35 36 37 39 40 42 44 45 47 48 49 50
25 10
2 6 7 9 10 11 13 14 17 19 22 24 27 28 33 35 36 37 39 41 42 43 46 48 49
33 5
1 2 4 5 6 9 12 13 17 18 22 23 24 25 27 28 29 30 31 34 35 36 38 39 40 41 42 43 45 46 47 48 50
26 6
1 5 7 9 10 11 12 13 14 15 16 17 20 25 26 27 31 32 34 35 37 41 44 45 46 49
28 8
1 3 6 7 9 14 15 17 18 19 20 21 22 23 32 33 34 35 36 38 39 40 41 42 43 44 45 50
25 2
1 3 4 6 7 9 10 12 16 18 19 23 25 28 30 31 32 33 36 37 38 39 40 44 50
21 1
5 8 10 12 15 16 17 19 22 24 25 26 28 29 30 32 33 36 43 48 50
16 7
5 6 10 13 23 24 26 27 28 29 31 36 37 39 41 48
25 4
1 3 7 10 11 13 14 17 19 20 21 22 23 26 28 29 30 33 34 38 42 44 45 47 50
27 6
1 4 6 8 10 12 14 15 17 18 20 21 23 24 25 26 28 29 30 32 37 40 41 45 48 49 50
25 5
2 4 6 8 9 10 11 13 14 18 20 25 27 29 31 32 33 34 35 36 38 40 42 43 49
21 10
1 3 5 6 7 10 11 15 16 19 23 26 31 34 38 40 42 43 45 47 48
24 4
3 4 7 9 11 12 15 17 22 23 26 27 29 30 31 32 33 36 37 39 43 45 47 50
29 7
2 3 5 7 8 9 11 13 14 15 18 19 21 22 23 24 26 29 32 33 34 35 37 42 43 44 47 48 49
28 2
3 4 8 11 12 13 14 15 16 18 19 20 24 25 27 29 30 31 32 33 37 39 40 44 45 46 47 49
24 4
1 2 3 6 7 10 11 12 15 17 19 25 27 28 29 30 34 41 43 44 46 48 49 50
30 10
1 2 3 4 5 6 11 15 16 17 18 19 20 22 23 24 25 27 29 30 31 34 36 40 42 43 44 45 49 50
24 9
1 2 3 4 6 8 10 14 16 18 19 20 21 26 33 34 35 36 38 41 42 43 44 46
27 6
6 7 8 9 10 11 12 14 16 17 21 22 23 25 29 31 32 33 34 35 36 41 43 44 45 47 50
28 1
1 3 4 5 7 8 9 11 13 15 17 19 20 21 22 24 30 31 32 33 40 42 43 44 45 46 47 49
27 10
2 4 5 7 9 11 13 14 15 18 20 21 22 23 27 28 29 32 33 35 36 37 39 41 45 46 48
27 8
1 2 4 7 8 9 10 11 15 16 17 20 21 23 24 26 28 29 32 38 39 40 44 46 48 49 50
21 5
2 5 6 8 11 12 18 19 24 26 27 29 32 35 36 37 38 43 46 47 49
26 7
1 5 7 8 9 11 16 17 18 20 21 23 27 29 30 31 34 36 37 42 43 45 46 47 48 50
23 7
2 3 5 7 9 11 16 19 22 23 28 29 30 32 33 34 35 37 40 42 43 44 46
