43
10 0
10 0
7 0
8 1
2 1
4 0
8 1
1 0
10 0
4 0
3 1
6 1
6 0
9 1
2 0
8 0
9 0
7 1
5 1
1 0
5 1
3 1
1 0
2 1
5 0
8 0
9 1
4 1
6 1
4 0
6 0
1 0
1 0
4 1
5 1
4 0
2 1
3 1
2 1
4 1
3 0
5 0
8 1
38
23 6
2 9 10 11 13 14 15 16 19 20 21 22 25 26 28 32 33 34 35 36 37 41 42
22 1
2 3 5 6 11 12 13 14 17 19 21 24 27 28 29 31 33 34 36 39 41 43
19 7
2 4 5 6 8 14 16 17 18 19 20 26 28 30 35 38 39 41 42
20 4
3 7 10 11 12 14 17 20 21 23 24 25 27 28 29 30 34 38 42 43
22 9
1 3 6 7 8 9 10 12 13 14 16 17 19 20 22 23 26 29 34 37 38 43
25 3
2 3 4 9 10 12 15 16 18 19 21 22 23 25 26 28 29 31 32 33 36 39 40 41 42
20 9
2 3 5 6 7 12 13 15 21 23 24 25 26 27 30 33 35 37 40 43
22 6
3 4 6 7 8 11 12 13 15 17 22 24 25 28 30 32 33 37 38 39 40 41
18 6
3 6 9 10 11 13 14 17 19 22 27 28 32 34 35 37 38 42
20 5
4 5 6 8 11 14 15 16 17 20 21 22 23 26 28 30 31 33 34 42
21 6
2 4 5 8 9 10 11 12 17 18 19 22 23 25 26 28 32 36 38 40 43
23 10
2 3 4 5 7 8 9 13 17 19 20 21 22 24 26 27 28 29 32 33 34 38 40
20 6
3 4 8 10 11 15 16 18 20 21 24 25 28 31 36 37 40 41 42 43
24 2
1 2 4 7 8 10 13 14 15 16 17 19 21 22 23 26 27 28 29 31 33 34 38 39
20 2
1 6 8 9 10 11 12 13 17 18 21 24 25 27 28 32 35 40 41 42
19 5
4 6 7 8 9 12 14 17 18 19 20 21 24 29 32 33 34 36 40
19 9
1 2 4 6 8 9 11 14 19 20 21 24 27 30 32 37 38 41 42
27 9
5 6 7 9 10 12 13 14 15 16 18 19 20 21 22 23 26 27 30 32 35 36 37 38 39 40 42
23 1
3 4 5 8 10 11 13 16 23 25 27 28 30 31 33 34 35 36 37 38 40 41 42
18 9
3 5 8 10 11 12 13 16 20 21 22 25 34 36 37 39 40 41
24 1
1 2 4 5 9 10 13 16 19 20 22 24 25 26 27 30 31 32 34 36 37 39 41 43
22 10
2 4 9 11 12 15 19 21 22 25 26 27 28 29 33 35 36 38 39 41 42 43
21 6
1 3 4 5 9 11 12 13 16 19 20 23 24 25 27 29 32 34 36 40 42
26 9
1 3 4 8 10 12 14 15 16 17 18 20 21 22 23 24 25 26 30 32 33 34 37 39 40 42
22 1
2 3 4 5 9 10 11 14 19 21 22 26 27 30 33 34 35 37 38 41 42 43
23 4
2 4 6 7 8 9 10 12 14 15 17 18 22 28 29 30 31 32 33 34 36 38 40
25 7
2 4 7 8 9 10 11 13 14 15 17 19 21 23 25 26 27 33 34 35 37 39 40 41 43
20 3
1 5 6 9 10 12 13 15 16 18 19 20 23 27 28 31 34 36 38 43
20 10
5 6 9 10 12 14 17 18 20 22 23 24 26 27 29 36 39 40 42 43
25 9
2 4 5 6 7 8 13 14 17 20 21 22 23 24 25 28 30 31 33 37 38 39 40 41 43
20 5
1 2 4 6 8 10 12 15 20 23 24 25 30 33 34 35 36 38 41 43
25 6
3 5 6 7 8 11 12 13 14 16 17 19 21 23 24 26 27 28 29 30 32 33 34 38 42
22 6
4 7 11 13 14 15 18 20 24 25 27 28 29 30 32 33 34 35 37 40 41 42
22 5
2 3 5 6 8 9 16 17 20 21 22 23 26 28 31 32 33 35 37 38 41 43
27 8
2 5 6 7 8 11 13 14 15 16 17 18 20 21 23 24 25 26 27 28 33 34 36 38 41 42 43
21 1
1 5 7 8 10 14 15 18 19 20 22 25 27 31 32 34 35 37 38 39 42
18 5
2 3 8 9 11 13 15 16 20 21 22 23 29 31 32 33 39 40
22 6
1 2 4 5 10 13 14 15 17 20 23 27 30 32 35 36 37 38 39 40 41 43
