45
6 1
6 1
1 1
6 0
10 0
5 1
1 0
1 1
5 1
1 0
6 1
8 0
8 1
1 0
6 0
9 0
2 1
7 0
2 1
1 0
6 0
8 0
3 0
2 1
4 0
4 0
2 0
3 0
5 0
4 1
1 1
5 0
10 0
7 0
2 0
3 0
4 1
7 1
4 0
5 1
5 0
8 1
1 0
9 0
7 1
49
24 7
1 4 5 7 8 9 10 11 12 14 20 23 24 25 26 27 28 29 31 33 34 35 37 42
20 5
2 4 7 8 9 12 15 16 19 21 24 25 28 29 30 31 32 34 37 43
27 10
2 3 4 5 7 8 9 13 14 15 18 19 20 21 23 24 25 26 31 33 34 35 37 40 41 43 45
20 3
1 2 3 7 8 11 14 17 19 25 26 30 32 33 34 35 36 39 44 45
14 9
1 6 9 15 16 17 23 24 26 27 31 32 34 35
16 2
1 2 8 9 10 13 14 27 30 33 36 40 41 43 44 45
17 10
1 3 4 6 9 13 16 18 19 22 23 28 29 32 34 40 41
26 9
1 2 3 5 6 7 9 10 11 12 15 17 18 19 21 22 24 26 27 29 33 34 38 39 40 43
22 7
4 6 9 10 13 14 18 19 24 25 27 29 30 31 32 33 34 35 36 38 40 45
23 3
2 4 7 9 10 13 14 15 17 18 19 23 25 28 33 35 36 38 39 40 43 44 45
16 7
3 4 7 10 12 15 20 24 25 27 30 31 33 35 38 40
27 6
1 3 4 5 6 9 10 15 16 18 19 21 23 24 25 26 27 28 29 30 33 34 37 41 42 44 45
20 7
3 8 9 10 14 15 19 24 26 28 29 30 31 32 33 35 36 38 40 43
23 1
9 10 11 12 15 16 19 20 22 23 26 27 28 30 31 33 34 36 37 38 39 40 45
21 2
1 2 7 8 10 11 12 14 16 17 18 22 23 24 26 28 29 30 38 40 42
21 6
1 2 4 5 6 10 11 15 18 19 22 23 26 27 28 29 30 35 37 41 44
21 9
1 2 3 5 6 8 9 13 15 16 22 25 26 30 32 34 36 37 42 43 45
20 7
1 2 4 5 7 8 9 12 22 25 27 31 34 35 36 39 40 41 42 44
20 4
3 6 7 12 13 14 17 19 21 22 23 28 29 32 34 35 37 40 41 45
15 1
4 5 7 10 14 17 22 23 27 31 33 34 35 37 45
19 6
1 3 4 5 12 16 18 19 20 21 24 27 28 32 33 34 37 43 44
22 2
4 5 6 8 11 12 13 16 17 18 19 21 24 26 27 30 31 33 37 42 43 45
28 2
1 2 5 6 7 8 10 12 13 16 17 18 19 20 23 26 27 29 30 31 32 35 36 37 42 43 44 45
15 5
3 4 5 6 9 12 14 21 22 24 25 28 31 40 44
21 7
1 4 6 8 9 11 12 13 14 15 27 29 30 31 33 34 35 37 39 43 44
18 2
1 3 4 6 9 15 16 18 19 21 28 29 34 35 38 41 42 45
19 5
1 2 3 5 8 11 15 18 23 26 27 28 29 31 35 36 38 39 45
27 2
2 3 5 6 7 8 9 10 12 14 15 16 17 18 19 21 22 25 30 31 33 35 37 39 40 41 42
20 10
1 3 4 16 17 18 21 22 24 26 29 30 32 33 34 36 37 40 43 45
23 8
7 9 11 12 14 18 19 21 24 25 26 27 28 29 32 34 35 37 38 41 43 44 45
21 5
2 3 4 5 8 9 10 12 15 16 17 20 22 24 25 26 27 33 39 41 43
21 7
1 2 4 6 10 11 12 13 15 24 27 28 30 32 33 36 37 40 41 42 45
24 6
3 6 7 8 9 10 11 13 14 16 18 19 22 26 28 29 30 33 37 38 39 41 43 45
26 2
1 2 5 7 8 9 12 13 14 16 17 19 22 23 24 25 27 31 32 33 34 38 39 40 41 42
20 5
4 8 9 18 19 21 22 23 26 27 29 31 32 34 35 38 39 40 41 42
19 5
4 6 7 8 10 12 15 16 17 18 21 24 26 29 32 35 41 43 44
21 8
4 7 9 10 12 13 14 17 21 24 26 27 29 31 32 34 37 39 41 42 44
25 5
1 2 4 5 6 8 11 16 17 19 24 25 26 28 30 31 32 34 35 37 38 39 40 41 43
22 4
1 3 7 9 11 13 15 17 18 19 21 23 24 26 27 28 29 31 35 42 44 45
20 8
1 2 5 7 8 9 10 14 16 17 29 30 31 35 39 40 41 42 43 44
24 3
1 2 4 6 7 9 11 12 15 17 18 21 25 26 27 30 32 33 34 36 39 40 43 45
25 3
3 6 9 10 11 12 14 17 18 19 20 22 23 25 26 30 33 34 35 36 38 39 41 43 44
25 8
1 2 3 4 6 9 10 11 13 14 15 16 18 19 20 22 25 26 33 34 35 38 41 42 45
20 4
2 4 6 9 12 18 19 20 21 23 24 27 31 33 35 36 37 39 42 43
20 4
1 3 8 11 12 14 15 20 21 22 23 25 26 32 34 35 37 39 40 44
28 2
1 3 4 5 8 9 10 12 13 15 16 17 18 20 23 24 25 26 31 32 34 36 37 41 42 43 44 45
25 7
2 4 7 8 9 12 14 15 18 19 20 21 23 24 25 26 31 33 34 35 36 37 41 44 45
18 8
1 3 5 7 9 11 14 16 18 20 22 26 31 36 38 39 41 42
25 3
1 3 6 7 9 10 11 12 13 14 15 16 17 18 19 23 26 27 29 30 34 40 41 42 44
