45
5 1
7 1
8 1
3 1
2 0
1 0
9 0
5 1
6 1
9 0
7 1
5 0
7 0
6 0
9 1
5 0
4 0
10 0
9 0
10 1
1 1
1 0
3 0
7 1
6 0
8 0
4 0
7 0
1 1
1 1
4 0
4 0
1 1
9 0
8 1
1 1
1 0
1 0
7 0
3 1
5 1
4 0
4 1
9 0
6 0
45
15 4
6 8 10 11 13 14 17 22 25 26 28 36 41 42 44
26 9
1 2 4 5 6 8 9 10 11 14 18 19 22 23 25 27 29 30 34 35 36 39 40 41 43 45
28 3
2 3 4 6 8 9 11 14 15 17 18 19 20 22 23 24 25 27 30 32 34 38 39 40 41 42 43 44
26 9
1 2 3 4 8 9 10 12 17 21 23 27 28 29 30 33 34 35 36 37 39 40 41 42 44 45
20 5
2 5 6 12 14 15 17 19 20 21 22 23 27 30 36 39 41 42 43 44
21 5
1 2 7 8 10 13 15 16 18 24 26 28 32 33 38 39 40 41 42 43 45
18 9
2 3 5 6 11 13 16 17 18 20 21 23 24 25 33 34 36 39
24 5
1 4 5 6 10 12 14 15 17 21 25 26 27 28 29 30 33 36 37 39 41 43 44 45
21 7
8 10 12 13 14 15 16 17 19 20 21 23 24 26 27 28 31 36 38 44 45
26 4
3 4 6 8 12 14 15 16 17 18 19 22 23 26 29 30 31 32 35 37 38 39 40 41 44 45
22 2
1 3 6 8 11 16 17 19 22 23 24 26 27 28 32 33 34 36 37 39 40 43
21 2
1 2 3 6 7 8 9 13 14 15 16 19 21 25 32 34 37 38 39 41 45
22 10
2 3 4 6 7 9 11 14 17 20 22 25 28 30 31 35 37 39 40 43 44 45
23 2
1 4 5 10 13 15 17 23 24 25 26 27 30 31 33 34 35 36 39 41 42 43 45
23 9
4 5 6 7 11 15 16 19 20 21 22 23 25 26 27 29 30 31 33 34 35 40 43
22 3
1 5 7 8 10 13 14 15 17 21 24 25 27 30 33 34 36 37 40 41 43 45
30 5
1 2 3 4 5 7 9 10 12 13 14 17 19 20 21 23 24 25 27 28 29 31 33 35 36 39 41 42 43 44
25 10
1 2 3 5 9 10 11 15 20 21 22 23 25 26 31 32 34 35 36 37 38 39 40 43 44
25 3
1 3 4 5 8 9 10 12 13 15 16 17 18 22 23 26 30 32 33 34 35 36 38 40 41
29 6
1 2 3 4 5 6 7 9 10 11 13 15 17 19 21 22 24 26 27 29 30 32 34 36 38 39 41 42 45
19 6
3 5 6 7 8 14 15 19 20 21 24 26 30 31 33 37 39 42 45
25 6
1 2 3 6 8 15 16 17 20 21 22 23 25 26 28 30 31 32 35 36 37 40 43 44 45
24 3
3 5 8 10 13 15 17 20 21 23 24 25 26 27 28 31 32 35 38 39 40 41 42 43
21 6
2 3 8 9 11 13 14 15 18 19 21 22 23 31 33 35 38 39 40 41 43
21 5
1 6 7 14 16 17 18 19 21 22 24 26 27 28 30 32 35 37 40 42 43
23 10
1 2 3 7 9 10 11 12 13 14 16 19 20 21 24 28 29 31 35 42 43 44 45
27 10
2 4 5 6 7 8 10 11 12 13 15 17 18 21 24 27 28 29 31 32 33 34 39 41 42 43 45
21 6
7 8 9 10 11 13 14 19 20 22 23 25 27 28 29 32 33 36 38 44 45
25 2
1 2 3 6 7 8 9 10 14 15 21 22 23 25 28 29 30 32 34 35 36 37 38 43 45
22 3
6 7 9 12 14 18 22 23 25 26 27 29 32 35 36 38 39 40 41 42 43 44
19 8
2 5 7 9 11 13 16 17 18 23 24 25 26 33 37 38 42 44 45
16 1
3 5 6 11 15 19 20 21 24 27 29 33 37 38 41 44
24 6
4 5 6 7 10 12 13 16 18 19 21 22 23 24 25 27 28 30 31 34 35 36 39 41
20 9
1 3 4 9 10 12 16 20 23 24 25 27 28 30 31 33 35 38 40 45
24 8
2 3 5 6 7 9 11 13 14 17 18 21 23 24 25 26 30 31 36 38 40 41 42 43
23 4
3 11 14 15 16 17 18 19 21 22 23 24 26 29 31 36 37 38 39 40 41 43 44
26 1
2 3 4 5 7 8 9 10 12 13 14 16 17 19 21 23 25 27 29 30 32 38 39 41 42 43
25 8
1 4 6 7 8 10 11 12 13 17 20 23 24 30 31 33 34 35 36 37 40 41 42 44 45
21 9
1 4 5 6 7 12 14 16 17 18 19 25 27 28 29 31 34 35 36 40 45
21 3
3 4 6 7 8 9 11 13 19 20 21 23 24 25 28 30 31 35 37 39 44
27 9
1 4 5 6 7 8 9 11 12 13 14 20 21 22 25 27 28 30 31 32 34 36 38 40 41 42 45
25 8
2 3 7 9 11 13 14 15 18 19 20 21 24 25 27 31 32 33 35 36 37 38 41 42 44
22 4
1 3 4 5 7 9 16 17 18 20 21 22 24 25 26 28 34 35 37 40 43 44
20 1
3 5 7 8 9 12 13 14 15 17 19 22 28 29 31 34 36 37 40 42
23 9
2 4 5 8 11 14 16 17 18 20 23 24 25 28 31 33 34 35 37 39 40 43 45
