49
4 1
4 0
10 0
8 1
4 0
8 0
10 0
1 0
2 1
6 0
7 1
9 1
1 1
9 0
9 1
7 0
7 0
7 1
7 1
4 1
7 0
2 1
3 1
4 1
4 1
3 1
5 0
1 0
4 0
5 1
10 1
4 1
4 1
2 1
8 0
3 1
7 0
1 0
10 1
5 0
3 0
8 0
3 1
5 1
1 1
7 1
3 0
6 1
6 0
49
21 1
4 7 10 13 18 20 21 22 24 25 29 34 35 37 38 40 42 44 45 47 49
21 3
1 2 3 4 6 7 9 10 13 15 19 22 23 25 26 29 30 37 38 44 46
20 6
1 3 7 11 12 13 15 16 20 22 23 24 32 34 37 38 40 44 46 49
25 7
1 3 4 5 7 8 10 13 15 16 17 20 23 25 26 28 30 32 33 34 37 38 41 47 48
21 10
1 5 6 8 9 12 13 19 26 28 30 31 32 33 34 39 40 44 46 47 49
23 10
1 2 3 4 5 9 10 11 15 17 21 27 28 29 33 35 40 41 42 44 46 48 49
26 5
1 2 3 5 6 10 12 13 14 15 16 17 18 19 23 25 26 28 30 34 36 39 42 43 44 49
26 10
3 4 6 7 10 13 15 16 18 20 23 24 25 26 29 30 31 32 33 34 35 41 43 44 45 48
24 9
4 5 7 8 11 12 16 19 20 21 23 25 29 34 35 37 39 40 41 44 45 46 48 49
25 10
3 6 8 9 11 12 16 18 20 22 24 26 30 31 32 35 37 38 39 41 42 44 45 47 48
25 10
5 7 8 11 12 13 14 15 17 18 19 20 21 22 24 26 28 35 39 43 44 45 46 47 48
26 8
2 5 7 8 10 11 13 14 15 17 18 19 20 22 23 24 25 26 31 34 36 38 42 44 46 49
29 6
1 2 6 7 8 10 11 12 13 14 15 16 18 21 23 24 27 31 32 33 34 35 36 37 38 40 45 46 47
25 1
2 5 12 13 14 15 19 20 21 23 24 27 28 30 31 32 33 35 38 40 41 45 46 48 49
21 9
4 8 9 12 13 14 15 17 18 19 20 23 24 28 31 34 37 39 43 45 48
25 7
5 6 12 13 16 17 18 19 21 22 24 25 27 29 30 32 35 36 37 39 40 42 44 48 49
22 4
1 2 3 8 10 11 14 15 23 26 27 33 34 36 37 39 41 44 45 46 47 48
29 2
1 4 8 10 13 14 15 16 17 18 19 21 24 25 26 27 28 30 33 35 36 38 39 40 42 43 44 46 48
25 2
1 2 3 4 6 8 10 13 14 15 17 18 19 23 25 26 27 29 30 31 34 41 46 48 49
21 1
1 2 5 6 7 9 11 12 13 14 16 19 22 25 29 30 37 40 44 45 48
26 1
1 3 11 16 19 21 22 24 25 27 28 29 30 31 32 33 35 36 37 38 40 41 42 45 47 48
26 1
2 3 8 12 13 14 17 18 19 20 22 25 27 29 30 32 33 34 36 39 42 43 44 45 46 47
27 6
1 2 4 5 6 7 9 10 12 14 19 20 22 23 25 27 31 32 33 34 39 40 41 42 44 46 49
25 2
4 6 7 8 10 11 12 15 17 18 21 22 23 24 25 26 28 29 32 38 39 42 43 45 47
31 2
2 3 4 8 9 11 12 13 14 15 17 18 19 21 23 24 26 27 28 29 30 31 35 36 40 42 44 46 47 48 49
24 8
1 3 4 5 6 8 9 10 13 14 16 19 21 22 23 24 26 30 31 32 36 37 42 44
19 4
2 4 6 8 9 13 18 23 26 27 29 30 32 33 36 37 42 45 48
29 7
3 4 6 7 8 9 11 12 17 18 19 22 23 25 27 28 30 33 34 35 36 39 40 41 43 44 46 47 48
23 1
1 5 6 7 9 10 11 12 13 17 19 21 25 27 31 32 34 36 38 39 40 44 47
20 5
4 6 7 10 12 13 16 20 25 27 30 31 32 33 34 37 38 40 41 47
26 2
3 5 10 11 12 14 15 17 19 20 21 23 24 26 27 28 30 34 36 37 39 41 43 44 45 47
34 4
1 2 3 8 9 11 14 15 18 20 21 23 25 26 27 28 29 30 32 33 34 35 36 37 38 39 40 41 43 44 45 47 48 49
22 3
4 5 6 11 13 18 20 22 23 24 25 29 30 32 36 38 39 41 43 45 46 48
25 7
2 4 6 7 9 13 16 17 21 22 25 26 27 30 35 36 37 39 40 42 43 44 45 46 47
25 4
2 3 4 5 10 11 12 13 15 16 17 18 19 24 25 26 33 34 35 37 41 43 47 48 49
26 6
1 2 3 4 7 8 9 10 11 12 13 14 16 17 18 19 21 27 29 31 38 39 40 42 44 48
30 2
1 2 3 4 7 8 11 12 13 14 15 16 18 20 21 24 25 31 32 33 34 35 36 37 40 41 45 46 47 48
23 2
1 2 3 4 5 8 11 13 15 19 21 24 28 29 34 36 37 42 44 45 46 48 49
19 8
3 5 6 8 11 14 15 23 26 27 31 35 36 37 38 40 41 43 45
25 4
2 3 5 6 7 8 9 10 11 16 17 18 24 26 27 29 31 33 34 38 39 42 45 46 47
28 5
2 10 13 14 15 16 17 18 20 21 22 25 26 27 28 29 30 31 34 36 37 39 40 42 43 44 47 48
28 10
2 5 7 9 10 13 15 16 17 21 23 24 25 26 27 29 30 32 33 38 39 40 42 43 44 45 47 48
29 10
1 3 4 5 9 10 12 13 14 15 16 17 21 22 23 24 26 27 28 32 34 36 38 39 40 42 44 46 49
17 6
2 7 8 10 11 14 16 21 23 24 31 33 34 36 38 44 45
25 5
2 4 7 8 9 10 11 17 20 23 25 26 27 28 29 30 31 32 33 36 40 41 42 44 45
29 5
4 8 9 10 11 12 15 16 17 18 19 21 23 24 26 27 29 30 32 33 35 36 38 39 41 43 44 48 49
20 8
1 4 5 10 11 13 18 19 20 21 23 26 30 35 36 38 42 44 47 49
26 4
1 3 6 7 10 13 17 19 20 23 25 26 28 29 34 36 37 38 39 40 42 43 45 46 48 49
27 7
2 4 5 6 8 10 11 13 16 17 18 22 24 25 26 28 30 31 32 34 36 37 38 40 47 48 49
