100
84 69
45 22
40 13
26 61
22 42
71 86
23 44
20 37
66 31
69 84
43 21
34 67
95 91
2 50
98 99
72 81
41 12
56 11
63 23
30 57
32 66
7 45
4 52
68 85
51 2
31 60
39 14
35 18
48 5
73 80
50 3
53 4
11 53
91 95
64 26
21 43
86 71
14 39
3 49
85 68
5 47
60 30
96 90
28 59
93 97
78 89
97 93
88 76
92 94
59 27
44 20
46 7
33 65
10 54
57 29
74 79
19 34
29 58
81 72
90 96
37 16
77 87
65 32
75 82
27 64
6 46
62 24
49 8
70 83
13 40
54 10
16 41
25 62
18 35
12 56
38 19
79 74
36 17
52 1
94 92
58 28
9 55
89 78
8 48
47 6
82 75
80 73
17 36
1 51
55 9
76 88
15 38
42 15
87 77
67 33
24 63
99 98
61 25
83 70
100 100
