10000
9384 9136
5589 2795
9184 9525
1464 4035
1210 3919
566 4480
7579 8537
6137 2324
4250 1871
3070 6504
8593 7564
7206 7799
9863 9723
5208 907
4642 404
9632 9816
8333 6677
6544 3086
7525 8756
7023 8490
5372 744
3039 6457
2360 5992
7592 8529
5255 875
9481 8980
9433 8905
7734 8806
7428 8687
6339 3169
8420 6960
3332 6665
7575 8541
7898 7276
4024 1392
2678 5785
1074 5536
6543 3083
1216 3913
3626 1750
9110 9370
4153 2004
9484 8977
3046 6458
2669 5716
9978 9969
1159 3851
4049 1449
860 5422
3050 6524
2664 5693
903 5259
3780 1271
7839 7171
9513 9195
5519 1090
2967 6482
5696 2641
1167 3852
1511 3511
1106 5545
3968 1407
4419 2190
1587 3542
8977 9490
186 4819
4173 2067
4118 1998
7074 7972
8699 7417
3815 1328
7112 7934
5391 779
6032 2430
1009 5478
2918 5832
955 5285
7275 7894
8214 6791
8074 7302
3808 1321
7463 8667
1385 4005
5070 305
425 4594
5165 333
832 5409
197 4849
2659 5680
4354 2173
3873 1132
4022 1394
6549 3275
3552 1591
5094 322
888 5229
9955 9909
6935 8441
315 5075
8554 7603
6896 8233
9492 8983
673 4717
4638 381
9940 9879
4177 2068
9574 9148
5758 2621
506 4512
2000 4116
463 4666
2005 4129
1158 3847
9824 9666
8305 6741
822 5349
8034 7342
8424 6969
7689 8838
9140 9569
9441 8897
977 5304
8652 7464
5553 1110
218 4925
2397 5942
842 5399
5872 2851
7510 8735
5373 743
4958 47
8597 7560
9502 9000
7289 8086
9367 9100
3266 6572
555 4450
3352 1652
7512 8728
2626 5754
4149 2008
3104 6346
781 5391
7920 7084
8240 6889
5260 897
2561 6272
6917 8459
729 4788
9475 8986
8441 6934
1904 4212
6317 3131
2137 4394
5767 2695
7321 8095
2003 4127
3659 1758
520 4498
3727 1277
1900 4221
8804 7736
4521 525
3742 1304
5634 2745
3991 1438
6132 2260
7635 8604
619 4568
3486 1536
895 5263
7228 7791
3508 1497
3071 6508
8248 6881
5867 2842
8388 6786
5053 116
3110 6340
5360 756
6653 3303
3325 6659
2936 5910
6595 3229
3748 1257
11 5007
5561 2781
7071 7980
9471 8995
2361 5995
3790 1339
9214 9536
5356 765
2982 6467
871 5251
2309 6154
8888 7775
6261 2575
7685 8842
5042 86
3777 1269
7214 7805
9636 9812
3173 6400
8190 6870
3844 1161
4925 218
182 4823
3753 1252
4411 2198
3699 1841
2465 6039
6266 2570
7132 8011
1990 4140
8527 7588
749 5367
1778 3597
8729 7510
2308 6155
2911 5839
6290 2582
9071 9267
466 4677
5453 1033
9966 9976
3190 6383
8624 7616
6719 8291
2457 6020
7620 8619
5727 2616
4247 1869
5471 1069
8196 6814
6593 3226
62 4943
235 4912
1987 4134
69 4950
3623 1811
13 5005
6304 3144
7504 8750
1527 3478
1874 4241
2725 5614
7929 7089
1984 4132
282 5135
7106 7913
6760 8374
6102 2241
5012 34
5235 881
3836 1169
7097 7908
9883 9936
9947 9913
4847 199
9963 9979
2378 6002
3355 1649
6037 2439
2971 6478
6769 8365
9945 9888
5100 320
7799 7205
697 4724
3801 1342
2444 6037
957 5283
5891 2946
5330 786
2026 4090
2893 5830
3310 6633
3544 1585
2533 6177
8282 6723
7202 7857
8968 9415
7909 7095
2493 6217
8959 9397
8322 6683
7772 8878
7188 7831
663 4713
2930 5902
4400 2131
5658 2809
8518 7034
1467 4046
2346 6171
2559 6274
153 4893
5341 816
5722 2675
7191 7855
7249 7884
4633 372
1496 3522
6257 2574
6563 3261
582 4547
359 5181
2124 4367
4645 401
1558 3493
7484 8673
4941 64
7872 7271
2288 6051
9085 9294
5461 1043
1808 3612
5521 1088
2596 5742
8367 6775
1113 3891
882 5235
7707 8793
3654 1763
8631 7650
8782 7704
1794 3581
2426 5958
533 4518
4760 630
3420 1709
5769 2693
6420 3207
2848 5861
9609 9222
3464 1540
2017 4153
7863 7266
6448 3015
4721 673
192 4827
3925 1221
3202 6412
8613 7641
4792 707
1367 4009
6551 3268
6089 2303
2684 5779
1123 3895
1633 3386
46 4959
6067 2271
5887 2945
690 4727
7277 7897
8638 7643
3805 1324
1337 3792
6819 8203
4585 419
2651 5688
4846 200
8374 6759
942 5216
3100 6364
1329 3805
1333 3814
1505 3499
3715 1294
7113 7938
4880 125
4981 82
9530 9178
3527 1492
8507 7032
4686 484
2011 4146
2508 6247
6080 2299
6850 8155
9786 9704
6697 8349
2486 6224
9123 9353
9321 9022
648 4769
2634 5760
3650 1740
587 4542
5738 2600
8617 7623
8123 7376
507 4511
1782 3607
6197 2511
7353 8036
6477 2972
7480 8677
7529 8765
2704 5773
4205 1911
5231 885
8619 7621
6309 3153
1103 5548
1459 4040
1354 3816
8065 7365
3474 1530
5707 2644
165 4895
6973 8403
3721 1283
4895 155
1264 3758
7880 7254
5983 2373
2424 5956
9041 9314
49 4956
9929 9904
5320 801
9922 9897
3916 1217
7746 8863
1623 3382
8004 7130
9277 9060
3934 1194
2491 6219
245 4938
4133 1983
4839 165
8697 7433
2280 6059
103 5026
3668 1831
2327 6136
3117 6374
2173 4354
487 4688
9486 8975
6489 2974
3385 1620
7241 7818
9633 9815
6211 2542
7010 8503
377 4627
7732 8795
8027 7349
9390 8948
1224 3946
8274 6731
4008 1367
3118 6373
1203 3926
1142 3904
6781 8389
3287 6574
7550 8566
60 4945
6352 3111
4297 1942
4438 2212
2104 4382
1716 3426
7114 7932
7956 7063
9783 9707
7505 8753
1023 5505
7400 8144
9515 9193
6482 2967
4816 741
7474 8647
1829 3669
7738 8871
8298 6721
3649 1741
4762 632
9886 9933
5455 1031
9796 9653
4365 2121
6773 8356
9399 8939
6154 2307
4826 183
514 4495
6006 2377
9661 9829
5996 2356
460 4669
791 5326
9799 9650
8437 6996
5762 2630
3292 6582
5225 946
6263 2568
4904 230
1222 3921
2358 5994
8627 7627
2663 5690
8827 7659
3027 6423
1535 3475
8422 6967
6005 2374
1169 3836
1732 3643
1925 4232
7003 8496
2081 4158
448 4598
3206 6408
9086 9293
2237 6119
9330 9026
9937 9887
8122 7395
3917 1211
667 4709
8901 9450
4042 1456
8809 7677
6638 3318
9839 9733
8067 7367
2560 6273
5166 332
9580 9169
7404 8139
5578 2759
1084 5540
1398 4032
4080 2040
8157 6847
446 4605
4127 1994
8771 7720
3811 1318
8008 7121
8477 6952
9499 9008
9061 9277
222 4907
205 4854
9100 9362
2808 5654
7387 8111
5509 1018
6174 2345
2372 5980
2088 4192
8659 7457
2312 6151
597 4537
3496 1555
8337 6668
4628 377
371 5186
8429 6992
9498 9004
7914 7104
9816 9633
954 5286
9762 9687
2045 4085
193 4826
6209 2540
9690 9759
7918 7086
6428 3021
5612 2744
2690 5787
3814 1329
2140 4400
7598 8532
3710 1299
5065 310
4970 76
5641 2821
1101 5550
7968 7042
3199 6415
657 4773
6778 8369
5277 963
4939 244
9904 9929
80 4979
4950 60
5576 2761
6118 2234
7271 7871
6042 2461
2476 6239
1308 3738
9646 9802
22 4982
3397 1608
8913 9429
9062 9276
9171 9579
7052 7970
2004 4126
2635 5759
9271 9080
1819 3679
4592 412
5050 96
6998 8501
6252 2501
408 4638
2235 6117
4695 681
5886 2881
6679 8339
2640 5699
1272 3774
2996 6495
8174 6844
1295 3710
8235 6894
3299 6644
2107 4379
5978 2360
6096 2242
1905 4216
4648 402
9468 8993
1118 3886
8561 7614
6270 2579
1939 4301
3627 1749
2119 4372
373 4631
5839 2911
7343 8032
1269 3782
8693 7423
4626 379
5043 85
9087 9292
596 4533
7421 8708
9826 9664
43 4962
8955 9388
7722 8778
2080 4159
9440 8898
1274 3777
2628 5752
1437 3980
6991 8426
2531 6184
1835 3663
1766 3650
8392 6781
5126 249
9393 8945
7540 8576
4396 2136
8317 6688
8748 7491
1949 4305
7524 8762
7590 8526
4254 1880
4120 1996
7822 7183
8821 7683
2806 5656
6598 3235
3019 6445
8567 7549
8686 7430
4036 1462
4758 623
9650 9798
3423 1706
2798 5595
216 4913
4652 411
314 5076
3921 1212
6403 3170
643 4738
5820 2889
9361 9101
7049 7969
1928 4234
8689 7432
4190 2091
9099 9363
6490 2977
9991 9992
6123 2256
7945 7060
1686 3373
2322 6141
9260 9630
6134 2327
98 5031
4806 734
7641 8612
4292 1961
6207 2547
5355 761
7831 7188
4578 426
7858 7201
2484 6240
8131 7368
9467 8994
8346 6700
5123 257
7230 7789
3944 1230
2069 4175
200 4846
3803 1326
524 4522
8026 7161
3737 1309
5499 1001
2332 6145
7911 7093
5501 999
4372 2114
3560 1574
6499 2995
3176 6397
9729 9844
429 4576
1751 3624
2336 6168
6262 2569
4882 128
9825 9665
4025 1391
6800 8204
7866 7268
462 4667
9165 9562
5763 2633
6689 8315
7809 7237
5296 958
1997 4119
2653 5686
9093 9299
8340 6679
4004 1385
6447 3016
2383 5997
461 4668
2543 6208
6023 2453
4394 2133
4964 46
3826 1357
5259 898
7194 7852
3568 1575
1640 3411
642 4734
1706 3422
2342 6162
3157 6311
7584 8546
5577 2760
1568 3561
5947 2390
6577 3288
6349 3105
2513 6197
3660 1761
7039 7965
9056 9282
9735 9838
5874 2876
6571 3262
2082 4157
1952 4288
9439 8917
6249 2500
4739 642
3430 1713
5096 325
6594 3225
3799 1344
8673 7484
2197 4412
9689 9760
5224 938
8602 7572
2128 4376
194 4829
573 4473
1620 3399
2325 6143
2840 5676
2625 5755
9910 9955
5504 1023
5322 808
6754 8375
8300 6719
5672 2836
4589 415
9759 9695
4158 2016
8879 7771
2195 4428
3677 1836
290 5086
3749 1256
2552 6212
310 5066
8471 6945
9925 9894
4713 663
333 5166
5294 960
8594 7568
3793 1341
7361 8055
6573 3287
7306 8069
9132 9371
2230 6108
4921 208
2025 4091
1358 3825
65 4940
4594 424
275 5115
9989 9994
4528 535
5491 995
5611 2741
9448 8890
9917 9956
8232 6831
7717 8769
5121 254
5178 366
1602 3568
2007 4150
5547 1103
6606 3213
2611 5727
1812 3621
4235 1922
8144 7396
8246 6901
9728 9845
8481 7017
3052 6527
9018 9324
8682 7488
6921 8455
2923 5844
1815 3683
4340 2146
228 4901
5416 828
2 5002
7547 8569
5799 2704
3015 6435
7533 8583
5638 2754
9146 9563
5376 754
547 4463
7747 8867
2301 6079
5442 1044
1202 3927
6481 2973
6816 8202
3144 6306
6371 3119
607 4563
454 4609
792 5325
1243 3761
8877 7773
1572 3557
1470 4047
5733 2619
4501 522
8932 9406
7269 7873
1452 4052
3201 6413
4267 1863
4397 2130
9142 9572
403 4643
3766 1244
562 4457
8391 6778
5963 2416
8575 7559
9332 9047
7701 8790
674 4720
925 5192
2261 6124
8129 7370
3505 1505
4504 501
1003 5502
7265 7863
9386 8952
886 5231
2796 5588
8098 7319
4718 672
5813 2896
878 5253
6839 8166
6053 2285
9687 9762
7081 7924
6864 8182
7203 7860
7662 8824
8211 6794
1769 3660
3469 1549
7826 7179
5394 845
8178 6868
3878 1127
1238 3766
6650 3297
6762 8381
121 5062
3102 6366
3644 1732
7015 8484
9752 9875
8394 6788
3274 6546
1081 5534
3482 1527
8368 6774
8073 7303
1651 3354
3275 6545
5920 2953
6996 8434
6900 8243
7678 8808
570 4481
1954 4286
4002 1373
4278 1892
1293 3712
4889 157
6798 8206
6906 8264
4143 1987
1049 5443
3961 1414
2637 5702
2189 4420
1177 3828
5467 1060
686 4704
5737 2601
4506 504
6453 3037
7144 7985
3143 6325
3378 1627
5496 990
5635 2748
4965 54
7164 7841
936 5222
3388 1631
540 4465
531 4515
3741 1305
3381 1629
8731 7508
7373 8125
6694 8324
7150 8020
7726 8801
9774 9675
4138 1978
1140 3882
3910 1149
4285 1954
8091 7290
8410 6983
4373 2118
3237 6597
2898 5811
5866 2843
3747 1317
6591 3228
1487 3517
5588 2791
7318 8103
2269 6070
7315 8101
9607 9224
149 4869
6645 3302
2204 4405
874 5243
7117 7933
9282 9055
3576 1594
8915 9436
7528 8757
7200 7859
1468 4045
6942 8448
6276 2555
3386 1624
8072 7309
731 4809
717 4782
2719 5620
9491 8984
1080 5530
7830 7180
5688 2649
3230 6595
2643 5696
7740 8869
6129 2254
139 4865
2079 4160
2351 5987
3265 6569
9303 9035
1733 3642
3953 1422
6500 3003
2153 4347
9562 9164
6835 8170
2613 5730
120 5054
360 5180
445 4601
3175 6403
7162 8025
6027 2435
3055 6519
7718 8768
6909 8261
1742 3647
3410 1636
9682 9772
6562 3257
7986 7143
8469 6947
9037 9305
9452 8900
3327 6657
6372 3123
414 4591
5473 1067
8169 6835
6318 3130
590 4553
9322 9016
5925 2961
152 4870
9639 9809
1833 3665
5793 2710
1779 3596
2914 5836
4074 1478
311 5065
3308 6635
1969 4317
3806 1323
6522 3055
1586 3543
6531 3059
5169 334
393 4611
9897 9922
2885 5824
4440 2210
3492 1554
7310 8079
4873 132
2710 5799
3950 1232
4426 2183
8150 6854
2306 6091
4944 61
3264 6570
7246 7882
5685 2657
6247 2502
5390 780
4362 2178
1803 3613
9998 9998
5706 2645
2960 5917
2166 4334
5470 1061
505 4504
7708 8792
3096 6354
5063 123
9994 9989
8695 7435
1107 5544
3774 1245
504 4500
8562 7554
5326 790
4444 2219
4991 19
8844 7687
5228 947
4200 1916
1271 3775
8621 7624
3215 6605
779 5379
9672 9836
8245 6898
6435 3032
6553 3266
2919 5835
5826 2883
5536 1073
9130 9373
6452 3038
5993 2350
9294 9085
5801 2715
1993 4123
952 5288
5374 742
6918 8458
5603 2740
4129 2001
5046 87
6589 3230
8927 9457
817 5346
517 4487
6048 2468
4736 640
3872 1133
9942 9882
3489 1557
4352 2175
4160 2080
2147 4339
4056 1442
1317 3742
9695 9754
9000 9480
794 5328
6090 2302
6605 3214
5411 833
6216 2492
1975 4319
2236 6116
7498 8742
763 5353
8979 9483
7570 8600
8035 7341
4610 450
485 4685
6212 2550
9191 9532
2836 5667
5860 2849
6173 2342
6814 8190
9846 9731
8857 7752
8650 7466
3638 1738
4988 17
9688 9761
9241 9591
8749 7495
1674 3345
4916 213
6883 8246
3185 6388
5957 2422
4137 1979
3712 1292
4090 2025
5953 2398
8994 9468
8082 7294
9954 9906
2355 5983
848 5393
1868 4247
3708 1296
2780 5559
9571 9137
1533 3472
1768 3661
4322 1975
9670 9834
5122 253
3471 1547
5052 117
6297 2592
2876 5874
988 5306
2649 5704
8521 7594
3086 6542
2132 4395
9772 9677
9634 9814
3103 6347
638 4743
6683 8321
402 4644
7998 7145
4144 1986
3303 6645
2855 5872
8653 7468
7105 7914
6929 8465
7652 8641
1191 3859
7171 7834
7797 7212
4631 374
9038 9313
4786 727
598 4531
392 4612
3136 6314
3919 1209
5405 848
7966 7039
7720 8771
2292 6061
5795 2708
5910 2927
6616 3244
7416 8699
1473 4067
6858 8161
2438 6025
2490 6225
1695 3433
3284 6577
1687 3372
5345 812
2549 6206
5514 1026
9166 9584
4308 1945
5412 827
2451 6012
106 5023
9115 9352
9235 9597
5744 2594
6241 2481
7238 7808
512 4492
7 4997
9373 9130
7405 8147
3013 6437
397 4621
5960 2424
9200 9509
6422 3027
3628 1753
4468 536
8962 9417
6152 2314
1164 3846
7659 8827
2573 6260
2942 5895
6288 2584
6433 3030
1818 3680
535 4525
8708 7413
9106 9361
3949 1233
5526 1097
920 5211
1552 3467
3004 6501
9010 9506
7808 7238
9298 9086
4370 2116
3463 1546
6550 3269
3989 1431
1414 3976
6666 3330
3847 1158
2275 6069
7298 8091
418 4592
7088 7917
2753 5627
1516 3535
5530 1079
1722 3452
3484 1534
1058 5447
6240 2482
3559 1570
9112 9350
8141 7404
2526 6202
7044 7960
4124 1992
2604 5739
1090 5525
3728 1276
8910 9427
6671 8333
4866 139
376 4633
2222 4441
9297 9082
1457 4042
4534 595
1396 4021
8180 6866
9877 9753
4969 77
7152 8018
4224 1906
3857 1166
8253 6876
7511 8729
5142 287
202 4844
4479 567
7741 8868
7792 7230
3548 1581
677 4699
3132 6318
6713 8292
8435 6994
2937 5913
5483 1003
4587 417
7660 8831
1051 5436
5011 35
6976 8400
5896 2941
4704 686
8570 7546
5479 1012
594 4535
158 4888
5686 2651
2229 6109
6187 2535
7930 7092
2038 4078
1523 3537
7248 7880
2924 5908
1660 3359
4204 1917
8016 7154
2944 5888
1891 4271
4513 506
10000 10000
7119 7940
5196 924
7173 7846
7402 8137
7838 7167
8007 7122
3330 6658
3288 6573
9534 9188
770 5364
8723 7447
9656 9806
8019 7151
3351 1653
7020 8479
8882 7768
1092 5518
1585 3549
8784 7702
246 4937
6130 2262
6008 2384
3590 1786
4498 521
2957 5916
2746 5611
4825 179
4804 736
4888 158
8546 7583
132 4872
7816 7235
3337 1667
6820 8226
5340 817
4343 2143
4364 2122
1012 5475
5206 909
2337 6167
6009 2383
5909 2923
5188 927
5749 2603
8852 7757
1362 4014
2752 5628
8247 6882
479 4664
451 4608
4831 173
1810 3619
7332 8043
3443 1700
3268 6552
3466 1538
8329 6676
616 4567
3306 6651
6170 2336
4832 172
3662 1768
1096 5528
5835 2915
7605 8552
6220 2493
5128 252
6704 8342
9216 9547
7844 7166
6208 2541
1281 3724
6462 3045
7356 8060
4549 580
9483 8978
8889 7778
2620 5732
2419 5961
3987 1429
6001 2378
9463 8929
4688 482
4901 228
5516 1093
9845 9727
7626 8627
7618 8621
8439 6936
6497 2993
176 4834
6307 3146
4619 386
8270 6913
8354 6705
9623 9249
5682 2655
7189 7830
647 4747
3663 1767
1336 3793
6685 8319
3841 1178
4896 163
1031 5456
3599 1777
5418 835
2558 6280
5197 932
5019 40
4932 243
4197 2097
9638 9810
8769 7717
8850 7759
767 5363
6856 8149
8359 6769
1280 3725
2954 5919
3294 6649
3179 6394
7565 8597
5459 1041
7514 8726
7231 7792
340 5164
1073 5537
2852 5871
2150 4336
4418 2209
5927 2963
4209 1912
1817 3686
8649 7467
6953 8477
8330 6675
9715 9858
1170 3835
3725 1279
1671 3334
7266 7862
4446 558
6047 2460
536 4524
4253 1877
4987 18
9405 8933
2521 6189
2087 4170
605 4538
2382 5998
3965 1424
1736 3639
2447 6016
334 5165
6710 8295
6204 2545
3105 6345
1479 4065
3480 1524
225 4904
567 4479
1095 5520
3293 6585
5243 873
2874 5881
2939 5893
3605 1771
771 5387
6782 8388
3428 1715
9500 9002
3775 1248
7125 8004
1912 4204
7657 8829
4270 1887
1331 3812
7281 7892
8773 7713
3763 1242
6727 8278
1648 3415
1709 3419
7573 8601
6879 8255
5538 1071
9415 8964
38 5013
5913 2933
9395 8957
8014 7156
4854 197
2835 5668
7138 7991
5967 2426
2278 6075
2169 4335
7927 7091
9507 9012
3908 1151
617 4566
6075 2268
2847 5862
2886 5823
6620 3240
9792 9711
400 4646
8447 6933
5803 2713
6520 3052
6073 2265
3653 1764
6780 8390
2430 5967
7142 7987
5743 2595
8933 9405
2379 6001
3256 6564
2448 6015
1595 3575
6637 3319
221 4926
6172 2343
2356 5982
3881 1138
6308 3154
2906 5808
9264 9073
330 5104
6807 8197
7522 8759
610 4560
4323 2163
9186 9523
1300 3705
7964 7041
6111 2232
2369 5969
3478 1526
5262 895
5288 957
7083 7922
6657 3326
3992 1437
784 5392
4511 499
8587 7543
9120 9347
7491 8683
8820 7680
9608 9228
3889 1121
163 4897
6072 2266
3933 1195
4164 2076
5843 2920
1143 3903
6190 2518
5605 2733
5736 2620
5387 770
6260 2571
7841 7164
2394 5950
9725 9862
9612 9219
101 5028
9611 9220
9794 9709
2920 5843
8954 9384
9295 9084
9476 8990
5773 2694
6031 2431
428 4577
3602 1774
5717 2662
5581 2770
3772 1247
7784 7220
6100 2238
5656 2806
875 5242
7637 8602
2953 5920
2187 4427
8021 7149
1283 3727
9451 8901
7158 8016
5848 2861
3734 1312
5006 13
9708 9782
1771 3662
7285 7901
6115 2223
1902 4214
2027 4089
7936 7110
2396 5943
1027 5514
519 4490
183 4822
9181 9528
9596 9235
1907 4223
1105 5546
5088 301
2694 5769
2901 5813
3193 6380
4360 2180
1131 3878
4380 2106
250 5126
5308 986
4517 529
2138 4402
5427 853
8753 7504
7962 7043
3575 1595
3133 6317
1804 3617
3346 1672
2158 4328
1403 3973
4029 1387
2001 4120
5274 971
6866 8185
1721 3448
309 5067
9972 9984
9778 9676
1855 4260
7827 7178
2945 5887
4512 507
8142 7398
5162 336
6271 2560
201 4845
3993 1440
313 5068
1476 4064
1985 4131
8493 7005
947 5224
3194 6384
5106 269
7098 7907
4616 394
5898 2948
5287 953
9456 8923
2450 6013
7672 8814
8384 6785
1991 4143
5981 2371
6200 2522
7133 8010
2481 6234
3517 1488
1639 3407
8056 7361
6933 8443
900 5258
7559 8571
9019 9318
6175 2533
6314 3134
9133 9374
1153 3907
7348 8027
766 5355
8819 7681
2884 5825
2064 4180
2220 4443
7897 7273
2233 6110
2701 5767
4834 170
1560 3486
3673 1826
6347 3102
5524 1085
7414 8701
4061 1451
8275 6730
1218 3911
8403 6972
469 4660
6101 2237
5241 889
7937 7109
4540 603
8510 7029
3150 6300
769 5361
8224 6827
8379 6754
2349 5989
4249 1867
8039 7351
7465 8651
8055 7362
7713 8773
77 4969
2532 6178
4485 575
818 5340
5523 1086
5029 99
5176 363
9531 9182
1827 3671
3693 1847
7205 7800
9446 8892
3069 6505
7137 7992
6912 8271
3901 1145
3927 1201
1563 3496
9850 9740
2857 5852
6512 3060
1445 4054
4347 2153
6749 8310
2878 5876
3387 1632
9006 9497
5204 911
2790 5590
9190 9533
8227 6819
1165 3854
2621 5731
762 5354
9516 9192
2677 5720
8867 7747
7613 8557
131 4873
9501 9001
207 4856
7885 7249
2498 6226
9928 9896
9828 9667
2828 5652
5406 851
442 4604
576 4483
441 4582
9147 9567
4264 1857
3830 1175
6018 2444
5237 879
4128 2002
7901 7282
351 5148
289 5145
2514 6196
8815 7671
3606 1775
5414 825
9261 9076
8555 7602
9912 9948
2487 6223
4568 615
7335 8040
924 5193
4298 1941
4225 1905
746 5370
7560 8574
5055 119
4458 560
6334 3156
3572 1598
2821 5641
5783 2679
1282 3723
5606 2732
9431 8907
7453 8663
5119 256
521 4497
6691 8318
8671 7463
6169 2333
4692 491
4669 460
7984 7075
9425 8971
2298 6087
5438 1053
2766 5573
209 4920
5033 109
3326 6663
1649 3356
7274 7895
6243 2483
8517 7035
4974 72
5261 901
1306 3717
3731 1287
9542 9207
585 4544
58 4947
9561 9161
1983 4133
3270 6550
4710 666
7921 7088
6348 3101
7997 7146
9014 9323
6618 3247
9788 9702
1197 3932
6955 8475
4942 63
3171 6402
7000 8499
8605 7635
44 4961
4473 549
6183 2525
7199 7851
1348 3822
1463 4036
4659 470
5836 2914
7094 7929
9220 9612
5102 327
5648 2814
8565 7551
5849 2860
2539 6185
2368 5970
7235 7811
5303 978
8557 7605
808 5314
9229 9608
6961 8420
94 5049
9892 9927
6124 2255
5292 948
4791 708
8661 7455
8615 7639
9880 9939
6554 3270
7556 8565
1215 3914
6678 8340
3416 1643
4064 1475
4823 181
2988 6466
7075 7971
4754 622
9866 9747
7730 8797
8865 7744
5543 1084
1085 5543
3114 6350
361 5179
7087 7918
9990 9993
3008 6442
8387 6782
8950 9393
4537 592
4691 492
7899 7284
8917 9438
7398 8141
1945 4295
2507 6244
4478 573
5075 314
6958 8418
6387 3186
5099 317
3457 1726
7155 8015
2636 5762
9637 9811
733 4807
3903 1148
9368 9108
206 4853
4607 444
8151 6853
5092 324
2488 6222
6721 8298
1724 3445
8251 6883
8062 7355
9204 9519
7664 8822
705 4794
2199 4410
4499 520
384 4634
565 4458
6022 2454
8802 7725
4448 556
1780 3595
7046 7958
7802 7207
1260 3749
2251 6105
7082 7923
7908 7096
118 5052
8454 6921
339 5160
8648 7473
5502 1002
7571 8599
2103 4383
8185 6861
5022 41
6122 2257
3087 6541
7383 8115
6232 2476
2597 5741
9025 9326
9509 9199
4213 1921
6149 2312
122 5061
8154 6855
2668 5712
5590 2789
1849 3694
2146 4345
3196 6391
4830 192
2580 6267
6024 2456
4117 2058
7599 8531
6097 2246
1958 4282
8263 6907
6674 8330
3099 6365
4949 56
9265 9077
1567 3562
9136 9380
845 5396
814 5344
904 5267
2547 6204
2647 5706
2014 4147
5035 107
9474 8987
5556 1111
5832 2895
4593 416
2110 4381
4240 1934
6256 2510
2529 6181
1921 4209
7185 7820
4157 2013
9427 8911
4041 1457
5472 1068
7151 8019
5420 837
2191 4418
2443 6034
3855 1164
1389 4028
5251 865
328 5102
5386 771
561 4449
3364 1682
6269 2576
8352 6707
4116 2055
254 5122
593 4536
2155 4349
8864 7745
2323 6140
2078 4166
6660 3323
4927 220
9199 9510
9388 8950
6066 2272
838 5417
233 4910
4110 2047
549 4470
5880 2870
8432 6984
1151 3909
4152 2005
2012 4145
5945 2392
5404 849
220 4923
4243 1873
6693 8325
1532 3473
4687 483
7928 7090
2713 5791
3063 6511
5266 904
2170 4357
1947 4307
6908 8262
8969 9423
3676 1837
1839 3673
6434 3029
5761 2631
7755 8854
4567 616
9550 9158
975 5279
9801 9648
3678 1839
1291 3728
6273 2558
4860 145
2989 6474
8458 6917
3788 1275
3384 1621
9860 9717
3357 1647
8465 6928
819 5339
861 5421
9044 9335
8712 7422
251 5125
676 4700
7176 7847
6707 8353
6056 2287
4650 409
7466 8650
7222 7788
3601 1780
6084 2300
737 4803
6840 8165
928 5189
7833 7186
6407 3180
3059 6529
1933 4237
7608 8549
750 5366
81 4978
4107 2050
6871 8188
1963 4291
9734 9839
1823 3689
3473 1531
2807 5655
6982 8408
9366 9096
8231 6828
6467 2987
3241 6620
4827 191
4712 669
8893 9444
8719 7438
5784 2678
3762 1243
8945 9411
8360 6773
6715 8290
7051 7967
6723 8300
1411 3970
1914 4207
5423 857
3616 1801
6316 3137
8362 6766
7084 7921
4979 80
1005 5482
5 5004
4329 2157
7055 7949
9599 9237
4529 600
6219 2489
2028 4093
9876 9750
7502 8752
1454 4059
9162 9561
5564 2773
6151 2310
9829 9661
8756 7524
2367 5971
556 4454
8996 9471
292 5084
7479 8678
2776 5563
2654 5685
3645 1731
9626 9250
6446 3017
2542 6209
9891 9946
9074 9269
2223 4444
5032 101
7562 8595
7426 8689
1292 3731
1837 3675
5469 1058
6576 3284
2624 5756
7462 8668
5399 840
4341 2150
893 5238
8043 7333
4612 393
5060 122
7763 8860
4986 24
1911 4205
7472 8644
7566 8591
2035 4081
1977 4321
7423 8692
1617 3393
4608 452
5822 2887
3761 1262
1007 5480
6729 8276
368 5185
5604 2734
1685 3365
9686 9781
161 4885
3309 6634
5602 2736
1289 3730
6380 3127
5764 2698
3622 1808
9851 9721
8687 7429
8983 9493
3213 6607
4700 676
3371 1675
9418 8961
5153 345
3534 1512
9931 9902
7392 8120
7764 8859
1646 3413
3379 1626
7812 7234
9300 9093
2943 5889
2819 5648
1787 3588
6717 8288
9926 9893
8428 6988
7120 7939
8810 7676
7170 7835
350 5149
356 5157
6070 2273
8048 7328
1424 3952
3962 1418
219 4924
4237 1933
2111 4389
7791 7227
7495 8745
4956 49
6171 2344
4787 726
3138 6312
665 4716
1824 3688
1988 4142
6146 2329
7705 8781
5643 2819
8764 7529
7299 8094
3108 6342
801 5316
5177 362
3851 1154
4299 1940
9702 9788
6734 8285
1892 4279
6264 2567
6797 8207
8202 6817
5938 2413
4239 1931
269 5107
6837 8168
3900 1146
5710 2669
5619 2719
1996 4125
2523 6201
6259 2572
8992 9470
3820 1350
5310 988
7569 8592
5631 2753
7969 7050
286 5144
4183 2071
6751 8378
5642 2820
3491 1560
9472 8989
8761 7519
9234 9598
4181 2059
8423 6966
5593 2786
2131 4396
9013 9507
9604 9227
455 4674
6641 3301
7129 8000
19 4990
6517 3073
9098 9364
5620 2718
9696 9758
2962 5924
399 4623
8440 6935
965 5275
260 5130
1114 3890
7684 8843
2333 6144
2317 6160
7296 8093
7487 8674
4862 143
3038 6453
1330 3813
3391 1614
8060 7357
5305 976
8824 7662
2875 5875
9287 9064
1944 4296
4078 2037
7983 7076
9219 9548
5190 925
4864 141
2175 4352
1211 3918
5666 2810
3795 1334
345 5154
1955 4290
9577 9172
8401 6979
3834 1176
374 4630
2212 4438
3002 6494
380 4624
7366 8063
4255 1861
696 4721
4716 660
5159 357
9250 9623
1056 5445
8059 7363
4229 1928
2622 5734
6696 8350
3174 6399
1171 3834
6868 8178
8289 6716
3438 1691
3971 1409
1826 3690
799 5318
3450 1725
5271 969
8389 6780
8636 7645
3648 1742
4060 1452
7492 8748
9974 9968
4496 509
4532 597
5649 2818
6733 8277
4815 738
401 4645
305 5071
9744 9870
2420 5960
2995 6496
5410 829
8999 9477
6882 8247
6511 3061
1588 3541
3298 6650
1266 3780
91 5038
3716 1302
2099 4194
4857 203
2400 5953
8514 7025
2784 5569
2760 5579
4853 193
2262 6132
5812 2897
2405 5934
9426 8912
2557 6276
1066 5462
5087 293
8050 7331
8308 6738
8759 7521
7148 7995
6920 8461
347 5152
2149 4337
1126 3896
2603 5735
5282 972
6000 2379
8757 7523
33 5018
2540 6188
7464 8670
1339 3790
3001 6490
6902 8245
3375 1685
9242 9590
3165 6326
3445 1702
3181 6406
1970 4311
1221 3922
7131 8003
6148 2313
513 4491
8840 7692
3320 6637
1903 4213
8025 7158
6662 3321
5111 264
1579 3564
4221 1895
1067 5465
707 4792
7692 8839
8775 7711
3022 6428
4184 2070
7886 7257
6485 2964
5842 2921
435 4570
5475 1011
7922 7082
8675 7482
4288 1951
3290 6584
5361 760
8369 6777
7935 7116
1512 3534
5608 2735
4015 1360
5985 2353
2260 6120
2211 4439
1870 4245
980 5301
9678 9771
4424 2185
6234 2479
5667 2813
8592 7565
6515 3071
5363 767
2591 6296
4848 198
9504 9011
5346 811
759 5357
8779 7721
9913 9947
9243 9594
159 4887
6378 3125
9394 8949
5726 2612
5816 2907
8031 7350
6156 2305
8324 6686
7070 7976
2316 6152
2536 6179
3530 1516
7305 8070
1934 4236
9511 9197
3863 1183
1836 3667
265 5111
3661 1769
2844 5865
9414 8965
5732 2611
2395 5944
1441 3989
3269 6551
8795 7732
5371 745
6635 3307
9745 9869
5031 97
4467 537
6708 8352
6817 8201
8963 9416
3172 6401
2735 5604
180 4843
8961 9418
4954 69
8293 6712
3073 6515
7970 7049
3339 1670
3374 1686
8347 6704
3533 1518
477 4652
5740 2598
5430 863
9040 9311
3911 1152
7894 7281
672 4718
9428 8910
2618 5725
4028 1388
259 5131
1179 3840
4810 730
6396 3177
6648 3294
3868 1191
586 4543
3363 1683
4856 204
7190 7833
9761 9688
6613 3224
867 5250
1302 3708
1076 5539
141 4863
3879 1126
5997 2359
4683 487
1156 3849
9718 9860
48 4957
423 4587
5302 984
9308 9030
8559 7612
5054 115
9810 9639
7213 7797
5723 2615
2581 6270
3367 1684
8713 7444
6162 2340
9255 9618
2086 4167
5189 926
6926 8464
9059 9279
615 4559
7136 7993
3573 1597
6483 2966
7371 8127
917 5205
2961 5925
4037 1461
4748 646
2520 6190
9021 9316
1718 3451
5510 1017
4729 688
4606 440
3702 1851
8426 6990
3995 1380
8487 7011
5745 2593
6043 2465
3738 1313
5281 973
7259 7869
385 4637
7847 7172
2329 6134
7519 8739
1002 5499
5107 268
6411 3203
4807 733
8243 6900
5240 890
5081 294
7539 8577
7372 8131
2070 4183
8040 7354
6060 2278
6829 8222
9072 9266
8020 7150
2357 5986
5401 838
2972 6477
8137 7403
6278 2553
7798 7206
6242 2480
9540 9214
1148 3898
3859 1187
6981 8409
7468 8648
6979 8397
273 5117
7906 7098
6788 8395
8260 6887
1701 3441
138 4884
5639 2757
3982 1434
4287 1952
2470 6047
5017 29
3954 1421
326 5095
5703 2634
3222 6612
267 5114
2687 5781
7634 8605
4463 541
2172 4355
550 4469
6633 3309
8363 6765
8851 7758
3555 1592
5272 968
2535 6175
6894 8235
9455 8924
4971 75
3666 1833
1359 3824
3936 1206
1482 4071
3617 1800
5476 1010
3467 1537
4098 2017
1762 3654
3159 6332
9751 9876
9309 9029
7860 7199
3506 1499
6218 2490
6061 2282
3041 6450
3214 6606
1447 4057
1026 5506
3522 1483
1828 3670
6465 2984
5359 757
2161 4325
1737 3638
8586 7544
3679 1820
5493 998
3195 6392
2968 6481
1366 4010
3319 6638
212 4922
620 4756
3825 1349
9593 9238
9675 9774
5863 2846
6665 3331
8744 7500
5873 2854
3129 6379
8480 7018
951 5289
2051 4111
7458 8658
8797 7730
7700 8786
3168 6336
3285 6581
6291 2581
3021 6429
387 4617
967 5278
1981 4135
8414 6961
9578 9171
4050 1448
1859 4256
1268 3778
5425 860
1152 3908
3864 1182
5614 2724
3318 6639
4075 1481
156 4890
2910 5817
8281 6724
4409 2205
7427 8693
3112 6343
6949 8468
2135 4392
6346 3103
1349 3821
3978 1411
8937 9401
9236 9596
1133 3871
4295 1962
8138 7402
5051 118
5071 304
2209 4414
70 4953
7999 7148
8890 9447
7303 8072
8406 6974
4086 2043
6128 2251
7430 8685
3048 6526
1806 3610
9793 9710
7876 7253
7370 8128
8679 7478
3931 1197
3611 1806
4676 458
337 5162
8045 7336
8187 6864
7787 7217
5897 2949
4497 513
1413 3977
7365 8064
7630 8609
3141 6323
1193 3866
5746 2597
3336 1668
2568 6265
6838 8172
4046 1466
148 4861
3532 1514
4894 152
5028 100
9888 9945
4763 654
2263 6131
3481 1523
5768 2699
2389 6009
1581 3548
29 5017
8419 6956
9156 9558
4672 457
4109 2048
3382 1623
4208 1908
2284 6060
7639 8614
5943 2394
6004 2375
9344 9118
6915 8272
5244 872
9600 9245
4461 543
9545 9217
8053 7337
1257 3747
7633 8611
921 5214
5057 112
4588 421
3249 6625
6922 8454
7223 7782
2225 6113
6875 8254
7175 7844
4884 135
5912 2934
3865 1181
6333 3157
5720 2673
2096 4188
7229 7790
987 5307
7668 8832
740 4813
7490 8680
3178 6395
5850 2864
6085 2294
3444 1699
6746 8304
5307 987
3128 6376
2892 5822
8574 7556
9857 9715
2888 5821
7526 8755
86 5043
6227 2495
5695 2642
6728 8282
5091 302
1524 3536
4466 538
9508 9200
4048 1468
3829 1358
5837 2918
135 4883
1311 3740
2586 6293
8478 6955
6738 8308
7007 8497
5984 2354
1678 3368
1138 3880
85 5044
9317 9021
922 5195
651 4766
338 5161
1547 3458
4459 563
9004 9499
2994 6497
7419 8710
409 4642
6518 3054
6970 8424
3866 1184
892 5239
390 4619
1624 3381
1 5003
2388 6006
3692 1825
6716 8289
9775 9674
5747 2605
710 4789
3164 6327
2827 5649
1691 3437
3630 1746
7577 8539
537 4527
6803 8215
2265 6133
9083 9273
5512 1028
9916 9957
5959 2420
6744 8302
4533 601
4339 2147
5572 2765
613 4557
9252 9626
8130 7369
9127 9376
3582 1605
4328 2158
39 5021
8075 7301
1265 3781
3643 1733
4770 647
998 5489
6438 3011
3543 1586
1799 3594
2215 4440
3030 6425
2814 5666
2832 5671
4043 1455
6846 8173
6775 8368
5713 2671
8589 7545
8807 7737
2519 6191
6990 8427
2052 4105
3276 6549
6028 2434
2343 6165
3983 1433
8976 9486
6874 8189
8149 7408
5558 2779
6383 3190
9253 9620
8639 7646
6310 3152
7697 8789
2492 6218
2572 6266
208 4921
5791 2689
7803 7215
4403 2137
1631 3379
255 5121
8772 7714
5513 1027
8664 7452
9382 9134
52 4958
4305 1939
1888 4269
777 5381
3613 1804
1929 4228
3120 6371
5679 2837
4849 202
8740 7499
8547 7586
6279 2552
6763 8380
7878 7251
7066 7956
4210 1920
8121 7392
2390 5949
4539 604
4887 159
9445 8893
6636 3311
481 4662
8730 7514
8450 6939
9961 9981
8433 6987
7619 8625
9293 9091
2359 5993
5276 964
940 5223
2731 5622
7949 7061
1341 3788
6663 3324
8949 9389
7009 8504
9159 9550
1181 3838
6469 2980
8451 6942
1774 3601
6205 2544
4840 169
6367 3100
5131 258
889 5228
8249 6880
1011 5476
415 4590
9536 9213
3067 6507
6029 2438
1018 5510
2702 5775
7656 8830
1802 3614
5708 2647
6393 3194
6802 8216
7589 8527
9407 8931
7823 7182
1549 3461
5349 821
4428 2186
773 5385
7237 7809
1146 3900
6456 3034
1684 3362
5931 2406
9276 9061
5915 2958
1635 3388
9893 9926
6764 8383
4550 579
7978 7068
9935 9884
850 5405
9900 9919
4726 696
297 5079
1299 3706
6924 8452
9849 9737
9356 9120
9730 9843
8276 6729
9949 9911
9791 9703
1680 3366
6529 3057
3807 1327
8038 7352
1775 3600
4597 425
4009 1366
7218 7787
7282 7900
4132 1984
7980 7066
5824 2885
4421 2188
242 4928
4115 2056
5074 315
9889 9944
1449 4050
5488 1016
8054 7340
3044 6460
6108 2230
6361 3088
7153 8017
1466 4038
5781 2681
7960 7045
1235 3948
3047 6461
7267 7861
3130 6320
3960 1415
9821 9642
5449 1037
8513 7026
1209 3938
4653 476
7478 8656
9213 9537
3198 6393
902 5256
3583 1793
1061 5467
4338 2148
6492 2998
1609 3396
2881 5882
8444 6931
9063 9275
6568 3256
5396 843
6592 3227
4543 586
9844 9728
5338 796
5991 2347
6239 2474
3465 1539
1068 5473
6524 3048
7027 8513
2859 5850
6827 8219
9432 8906
915 5202
3975 1400
802 5315
320 5097
3914 1214
3980 1413
1054 5438
4870 149
8926 9453
3882 1137
9478 8997
1273 3773
554 4451
5005 5
6862 8184
3621 1809
7368 8130
1734 3641
9296 9083
6326 3164
5794 2709
4678 465
8106 7324
2817 5645
35 5011
3424 1705
6198 2515
8669 7461
2975 6488
6603 3216
1571 3563
9773 9681
4401 2139
3632 1744
9312 9031
375 4629
7145 7989
2274 6065
5657 2805
923 5194
7611 8559
264 5112
51 4954
5336 794
3082 6533
5323 807
1909 4225
3161 6330
5759 2624
9588 9174
6844 8175
9823 9644
1401 4033
4930 240
9457 8922
9103 9359
3134 6321
2399 5945
3688 1816
4180 2060
3823 1347
2422 5963
1409 3967
9410 8942
2816 5646
2392 5947
8084 7292
7395 8121
6285 2587
7455 8666
9776 9673
7576 8540
9310 9028
6932 8444
8609 7631
5669 2834
9979 9963
7179 7826
3417 1646
2871 5879
6139 2322
369 5184
17 4987
5929 2408
4697 679
2018 4156
6983 8407
3090 6360
9131 9372
6195 2513
5876 2874
1910 4206
738 4806
8116 7383
6857 8153
3539 1520
9903 9930
3540 1519
5933 2404
3835 1170
1702 3440
6166 2341
7776 8887
2755 5629
1232 3942
6054 2284
3029 6421
6564 3255
8785 7706
7351 8038
9591 9240
6202 2524
172 4833
2348 5990
8163 6859
7394 8118
833 5408
2353 5985
1052 5435
4361 2179
8442 6938
7518 8736
355 5158
639 4737
5570 2785
9803 9646
6895 8234
8725 7449
30 5016
1230 3940
6877 8252
3810 1319
2593 6294
5009 14
4859 146
9042 9337
8534 7581
2757 5636
4708 668
7494 8746
7300 8075
5645 2817
7420 8709
1920 4210
7292 8083
6624 3249
6292 2580
9224 9613
6675 8329
1228 3947
9770 9679
577 4482
8396 6790
7586 8544
8140 7400
1936 4238
7622 8617
2723 5621
3849 1156
4750 626
6931 8445
247 4936
6254 2508
840 5401
5819 2890
3837 1168
7291 8084
4358 2169
1515 3531
5858 2865
2846 5868
1028 5513
3296 6647
5551 1099
1923 4211
6793 8211
6473 2990
7801 7203
3652 1765
4166 2074
4898 161
5814 2900
6541 3085
2850 5859
8299 6720
664 4712
5956 2423
7057 7952
2354 5984
6267 2578
7675 8811
5921 2952
2732 5625
6065 2291
6119 2233
6470 2979
5748 2604
9681 9768
5595 2798
89 5040
427 4596
3228 6592
8136 7381
2810 5657
8015 7155
6203 2546
3028 6422
37 5009
9193 9516
3094 6356
4779 720
6903 8267
71 4975
1618 3401
2130 4397
9387 8951
6528 3058
8984 9492
7312 8077
7959 7046
6690 8314
2744 5609
8244 6899
5911 2935
1392 4025
9645 9803
2803 5659
7616 8623
1111 5553
906 5265
2386 6008
5544 1106
9781 9682
6167 2335
5226 945
1135 3869
4141 1980
2136 4391
8003 7126
8236 6893
8321 6684
1941 4304
5676 2831
2866 5857
6192 2516
9088 9296
2873 5877
5383 774
270 5106
3890 1115
5368 748
804 5313
5823 2891
8023 7160
4665 478
3564 1565
9279 9063
2991 6472
7754 8855
9939 9880
6138 2328
394 4610
3867 1192
2638 5701
2201 4413
266 5110
3667 1832
2904 5805
6418 3209
8885 7769
1000 5501
9535 9191
8225 6821
4502 503
9538 9211
9404 8934
854 5428
7655 8642
7344 8031
6596 3237
7001 8498
391 4613
3578 1596
7883 7246
7197 7849
6731 8274
8934 9404
6439 3010
2566 6281
1508 3510
7377 8126
2729 5624
9316 9040
5962 2417
4070 1469
6441 3008
1647 3412
1267 3779
1344 3799
6406 3181
2895 5828
2865 5849
3354 1650
9733 9840
580 4549
3846 1159
6824 8227
9070 9268
4914 215
8858 7756
1642 3404
3880 1130
1405 3971
2452 6011
8774 7712
9527 9181
3068 6506
5481 1005
6913 8270
9178 9589
5110 265
476 4653
457 4672
5440 1046
7542 8579
3781 1265
8427 6989
8603 7637
7654 8639
6890 8239
584 4545
2244 6094
5329 792
4868 142
3636 1754
9092 9291
7456 8660
295 5081
1789 3586
9944 9889
8625 7615
495 4692
3990 1439
1796 3593
7530 8764
728 4785
8418 6957
2127 4373
5568 2783
4307 1946
5919 2959
6386 3187
7768 8882
2391 5948
488 4682
7538 8578
7603 8554
5655 2807
595 4534
8958 9394
9465 8927
3537 1513
2415 5938
9343 9053
8616 7642
8556 7601
9459 8920
184 4821
9269 9068
1658 3352
8078 7312
7254 7879
9350 9112
4413 2196
486 4684
2021 4095
8464 6925
4591 413
680 4696
9526 9187
6536 3082
1739 3636
2032 4102
1198 3931
2504 6252
9205 9518
1075 5535
7411 8704
2889 5820
3709 1295
8287 6736
4019 1370
2160 4331
9408 8935
1699 3434
1629 3376
4081 2034
4905 224
9489 8972
3281 6580
8777 7723
8683 7487
5082 298
5721 2672
8965 9414
1559 3487
6698 8348
3955 1420
2787 5570
26 4992
9068 9284
6057 2281
4874 131
6464 2985
7410 8705
8090 7286
9381 9135
8503 7009
1236 3951
3053 6521
3329 6655
2854 5869
6397 3176
2660 5684
1237 3767
1726 3447
2768 5571
9941 9878
1630 3375
322 5100
5136 280
1509 3509
8208 6797
9559 9163
1930 4227
3184 6407
3373 1687
9107 9369
5187 928
4321 1972
5168 330
2242 6101
2584 6290
7751 8876
2377 6003
7849 7197
4878 127
660 4774
5480 1006
4818 186
1596 3574
755 5375
6649 3293
6859 8160
6336 3168
5622 2721
9012 9504
7261 7867
8720 7437
6083 2296
7382 8116
5857 2866
541 4464
9710 9793
935 5200
8614 7640
4216 1900
8973 9489
4054 1444
7354 8039
3014 6436
7631 8608
5998 2381
9377 9126
8633 7648
6964 8412
6457 3033
5901 2931
4377 2127
8037 7353
4919 210
6765 8364
6999 8500
7500 8740
3689 1824
1740 3640
9173 9577
8462 6927
1205 3929
8854 7755
9371 9109
7536 8580
2408 5936
4705 685
8678 7479
6412 3202
2054 4103
3724 1285
8012 7131
2350 5988
1728 3454
8042 7334
7648 8632
9918 9959
8273 6914
4066 1473
3833 1172
7687 8840
6740 8306
3784 1266
9914 9950
2578 6269
4746 644
1913 4203
4146 2011
9082 9270
9280 9057
9470 8991
9150 9573
1776 3604
6426 3028
7992 7137
9121 9355
6215 2551
2981 6468
1373 4017
7109 7937
4439 2211
3503 1502
6342 3107
1543 3462
6860 8159
8680 7481
511 4493
3812 1322
3511 1508
3743 1308
6155 2306
5563 2774
6059 2279
4230 1927
7177 7828
3813 1330
8171 6833
9210 9540
1943 4297
7653 8640
4490 515
5211 918
2969 6485
1662 3361
4 5000
1747 3628
3966 1427
1852 3700
3828 1355
1546 3459
1038 5449
6770 8359
1853 3703
2126 4374
778 5380
3441 1693
8183 6863
7100 7905
8558 7613
5377 753
6356 3093
6712 8293
7617 8622
5573 2764
4290 1949
6870 8180
4541 602
9818 9631
8516 7036
3545 1584
364 5176
963 5277
1840 3676
8029 7347
8522 7593
5487 1013
2469 6048
6010 2386
5312 804
4369 2117
6503 3004
4452 552
3125 6370
6642 3300
4679 464
7005 8494
2949 5897
4147 2010
938 5220
1598 3572
8292 6718
9901 9923
5130 259
1507 3502
649 4768
8886 7777
8351 6699
7085 7925
3191 6382
4795 704
7699 8787
839 5420
9785 9705
3858 1188
1628 3377
9401 8937
331 5168
4182 2063
6848 8157
7198 7848
9533 9189
9134 9382
7331 8049
7770 8885
4429 2194
5268 902
4206 1910
1149 3897
4743 633
1022 5511
4852 194
9331 9048
1489 3515
6491 2999
6525 3047
8925 9454
5497 989
9104 9358
6127 2252
3488 1558
8758 7527
6194 2514
7338 8051
5711 2668
4993 26
1982 4139
2556 6277
6700 8351
5511 1020
5531 1078
6865 8181
3956 1419
1525 3539
2522 6193
1566 3497
2952 5921
9487 8974
9102 9360
4773 657
4187 2094
4398 2129
6353 3114
2575 6258
9908 9952
699 4731
4108 2054
8878 7772
5210 910
9522 9186
8184 6862
9048 9331
9817 9632
2652 5687
2697 5766
112 5058
1213 3916
756 5378
5321 809
452 4607
4331 2155
7124 8005
6914 8269
2279 6078
3383 1622
8701 7415
2313 6150
9654 9799
2791 5589
5677 2839
6570 3263
1420 3961
2239 6099
5571 2766
5218 939
6818 8200
3440 1689
8553 7604
8841 7686
2157 4329
34 5012
8644 7472
5421 859
5838 2912
9753 9874
1346 3797
1383 3993
8581 7535
3518 1487
4044 1459
9882 9942
2302 6082
9674 9775
111 5036
1116 3888
8314 6749
8316 6689
8946 9392
7244 7819
774 5384
4656 473
9934 9885
1212 3917
4227 1907
713 4800
1217 3912
1940 4300
552 4453
483 4687
9117 9345
8212 6793
9168 9582
9587 9175
2008 4149
9479 8996
2612 5726
5084 291
9254 9619
5392 782
8206 6799
5770 2692
4935 235
1431 3986
8906 9431
6244 2505
7221 7784
8119 7394
6181 2527
4493 512
5170 342
1112 5556
9957 9916
4407 2202
166 4898
1478 4062
7546 8588
1117 3892
203 4847
2123 4363
6076 2276
1675 3344
3154 6310
2059 4115
4824 180
7316 8100
3516 1489
2856 5853
6578 3282
5458 1042
1715 3427
8485 7013
743 5373
2039 4077
5380 777
4232 1930
4393 2134
72 4974
2453 6010
5194 921
9815 9634
8228 6822
788 5329
9758 9691
1379 4002
417 4588
6401 3172
497 4507
785 5332
5003 2
8540 7575
3145 6305
4670 459
7670 8816
4191 2095
3239 6599
2246 6092
2582 6292
2592 6295
9218 9545
3257 6568
9919 9900
2232 6106
9378 9125
9266 9071
9326 9017
7723 8777
5242 892
627 4749
7534 8582
9001 9502
398 4620
5299 982
2154 4346
4093 2022
450 4600
7852 7194
383 4635
3701 1843
5678 2838
666 4710
571 4475
2494 6216
4768 649
2978 6489
8382 6760
1025 5503
1201 3928
7207 7798
7165 7840
3792 1337
4667 462
1062 5466
5941 2414
6597 3236
3434 1695
6350 3113
8902 9449
6739 8307
994 5498
9299 9094
1185 3861
6680 8338
6686 8323
1698 3430
9541 9208
2410 5929
9741 9850
6832 8228
1599 3576
215 4914
7676 8810
4934 236
1276 3784
3291 6583
631 4759
5890 2942
1605 3578
722 4777
127 4877
9113 9349
3455 1728
692 4725
3884 1139
2528 6182
3587 1794
5352 764
76 4970
4489 516
2200 4409
5623 2729
1247 3771
3546 1588
8011 7132
1041 5460
8148 7405
1057 5444
8856 7753
1655 3350
5027 106
9641 9821
3470 1548
6923 8453
1813 3685
5660 2802
6978 8398
6405 3182
685 4705
3635 1755
3683 1821
8914 9437
6158 2317
1155 3850
3726 1278
4562 608
6182 2526
1935 4235
4189 2092
3251 6623
1343 3791
7431 8684
95 5048
8960 9419
8264 6906
27 4991
9558 9155
4021 1372
5186 370
7154 8021
2208 4415
3973 1402
1730 3456
6901 8242
744 5372
8383 6763
5888 2944
4715 661
870 5247
8133 7380
217 4917
8506 7010
6692 8326
1226 3944
7775 8888
693 4729
5112 263
2094 4186
5884 2879
4374 2126
8580 7541
3615 1807
4553 590
2598 5740
4057 1441
5145 288
9784 9706
2553 6215
1754 3626
5789 2687
2544 6207
9618 9254
3279 6555
7742 8872
3495 1551
318 5099
3930 1203
7582 8534
4310 1970
6245 2504
1316 3743
9032 9310
9046 9338
3115 6349
3750 1255
411 4649
6286 2586
5062 120
6283 2562
5248 868
66 4944
1254 3750
3618 1799
4471 547
5146 352
8577 7539
4456 562
7564 8593
5124 251
7963 7047
6702 8344
623 4753
7325 8104
5566 2776
9198 9511
8908 9434
4246 1870
6523 3049
2083 4161
4805 735
2927 5905
7016 8488
1425 3956
1763 3658
6994 8436
3452 1718
7021 8483
5852 2857
4603 443
9396 8956
5924 2962
1303 3716
7030 8515
5007 12
7950 7055
7773 8877
2551 6213
8320 6685
7130 7999
4929 241
844 5402
4780 724
1045 5442
7342 8033
6416 3198
2527 6183
8267 6903
389 4615
6801 8208
6601 3218
3360 1658
993 5494
5663 2804
5734 2618
916 5201
7719 8767
7917 7087
5409 830
7574 8542
3915 1213
9027 9328
8400 6975
1668 3337
4168 2077
8366 6776
2334 6147
5778 2684
5683 2654
6830 8230
9122 9354
7174 7845
709 4790
5125 250
6756 8373
1087 5523
5275 965
471 4658
7063 7955
7782 7222
5899 2947
7390 8108
2883 5826
9248 9625
1544 3466
2067 4172
386 4618
6021 2455
668 4708
9694 9755
2831 5672
8160 6858
4010 1365
1665 3340
3929 1199
9047 9332
5419 834
8250 6879
2098 4195
4751 625
1227 3943
5212 917
230 4899
1183 3863
5694 2661
2113 4387
7683 8821
2101 4385
5861 2848
9627 9258
7436 8697
5633 2746
7280 7889
2570 6263
1545 3460
4268 1866
5298 983
5398 841
3941 1228
4065 1474
9026 9325
4890 156
534 4526
9592 9239
9055 9342
655 4762
3513 1506
6196 2512
3817 1353
8164 6840
6045 2458
2849 5860
1094 5516
1948 4306
7272 7874
1530 3480
8266 6904
8974 9488
3398 1607
4477 569
6104 2248
2720 5619
5443 1048
7309 8071
5367 749
5263 894
4219 1897
7195 7856
4555 588
3977 1412
1676 3347
2093 4187
4637 382
7744 8865
1998 4118
5972 2366
5450 1036
8381 6761
2801 5661
5172 340
9090 9289
8677 7480
8279 6726
2503 6248
518 4486
4185 2069
4583 439
2505 6246
5569 2782
3107 6348
3169 6335
3972 1403
2812 5664
8595 7562
7257 7885
6741 8305
8548 7609
7043 7966
1340 3789
6664 3332
6287 2585
4399 2128
1790 3590
3348 1674
1638 3408
3610 1784
8088 7288
2442 6035
4658 471
8170 6834
1727 3455
2792 5593
9716 9857
8660 7456
9320 9018
1233 3950
4379 2107
8690 7426
7915 7103
5705 2646
8924 9455
6572 3265
3343 1661
1773 3602
8812 7679
9114 9348
8537 7578
150 4868
8306 6745
1313 3733
2125 4375
1471 4069
2633 5761
6014 2448
5671 2832
7220 7785
7934 7112
1442 3992
1759 3657
1015 5486
3088 6544
509 4513
9835 9668
4135 1981
8942 9410
3305 6652
2601 5737
6496 2994
6144 2331
4776 723
7099 7911
5002 3
7324 8105
3549 1580
8408 6981
8476 6953
604 4539
6237 2471
1931 4226
4544 585
6391 3196
9879 9940
1971 4310
4617 388
5388 773
7061 7943
4326 2160
6989 8433
3736 1310
7532 8766
9657 9805
7330 8045
1565 3494
776 5382
7543 8587
5982 2370
9161 9553
4605 441
5772 2690
2416 5937
3531 1515
6617 3243
7735 8805
2142 4344
7739 8870
8460 6915
7486 8671
1325 3804
6229 2497
5687 2650
3411 1635
3301 6642
234 4909
50 4955
9206 9521
1436 3981
1410 3966
9237 9595
3074 6514
5515 1029
918 5213
7760 8849
1115 3889
6602 3217
3514 1509
9705 9790
7729 8803
9862 9724
3697 1848
5869 2845
5432 861
6358 3096
9460 8919
8242 6892
1843 3696
96 5047
4441 2213
9477 8998
7752 8857
9101 9366
4195 2090
1033 5454
8897 9440
9971 9985
1713 3420
3273 6547
9462 8921
3362 1660
2277 6076
2114 4390
2091 4189
257 5119
4621 389
8093 7297
4573 431
4581 437
3671 1828
1451 4048
3211 6420
2617 5721
5883 2880
8152 6852
3253 6567
8551 7606
9959 9918
4674 455
2340 6164
5445 1055
4666 481
9011 9505
5704 2638
721 4778
9436 8916
1077 5533
9258 9628
4486 574
7583 8538
4097 2018
7182 7823
4251 1879
7593 8523
3669 1835
6186 2536
7892 7278
6936 8440
7476 8654
243 4927
9045 9334
532 4514
2478 6232
9683 9780
1382 3994
434 4571
1334 3795
7467 8649
6381 3192
6945 8472
796 5335
5010 36
2441 6036
7889 7258
4995 28
1350 3820
2555 6278
1418 3958
5930 2407
5868 2841
9327 9025
5216 941
5036 110
308 5073
7515 8730
4994 25
4909 225
6474 2989
5167 331
4091 2024
9398 8958
1723 3446
5144 285
2782 5557
1083 5541
899 5264
1400 4030
8656 7474
3698 1842
2043 4087
9274 9081
8438 6937
7481 8676
6779 8391
3996 1379
1219 3915
500 4509
4524 526
1089 5521
4280 1890
7233 7813
4720 670
2627 5758
7337 8052
6521 3051
8115 7384
8632 7649
5154 344
6374 3116
4465 539
8825 7661
2758 5635
5592 2787
3163 6328
9864 9726
341 5172
6110 2228
9615 9230
9380 9127
9454 8925
8461 6919
3271 6554
263 5113
162 4889
2789 5591
4681 489
6509 3063
6695 8327
1174 3831
3519 1491
4203 1913
9494 8985
2867 5856
7859 7200
3300 6643
8640 7654
2605 5747
9521 9205
4487 577
2761 5578
8177 6845
1241 3768
5782 2685
4145 1989
5935 2402
2407 5932
319 5098
641 4735
7553 8563
5365 769
1190 3856
9677 9777
6625 3248
4334 2166
9667 9823
9712 9791
538 4467
7594 8522
4997 8
652 4770
1320 3809
3433 1696
157 4894
7313 8080
1245 3759
4363 2181
8194 6811
9930 9903
5174 365
7319 8097
5952 2399
6461 3042
4813 740
6150 2311
2983 6471
8952 9386
932 5199
4073 1479
7596 8520
2940 5892
6116 2227
2433 6030
4976 70
708 4791
1967 4314
6494 2996
1882 4275
4992 27
9573 9149
9514 9194
8099 7318
293 5083
4752 624
2139 4401
4122 1999
8847 7693
894 5241
6400 3173
7709 8791
8741 7498
4600 446
671 4719
1834 3664
8033 7343
3794 1335
3591 1785
6891 8238
6888 8259
3302 6641
3106 6344
6265 2566
6191 2517
2226 6112
1194 3865
949 5291
143 4866
1356 3818
9420 8959
8223 6823
1541 3464
9747 9867
516 4488
1020 5508
8237 6897
1342 3787
8618 7622
2186 4423
8097 7320
4910 233
8519 7037
1168 3855
7412 8703
5545 1105
2799 5594
6131 2261
2144 4342
7913 7105
3180 6398
4476 570
2341 6163
5284 956
8179 6867
4455 554
7848 7175
764 5352
5257 900
4867 138
3943 1226
6250 2499
7488 8682
8818 7682
4442 2221
2518 6192
9080 9272
8024 7159
7008 8505
129 4880
5143 286
7988 7141
7245 7883
1825 3687
7649 8631
6103 2249
5286 954
5041 92
8443 6932
9782 9685
2373 5979
7711 8775
2174 4358
6217 2491
1036 5451
4470 548
3595 1795
5258 899
444 4602
5714 2665
3625 1751
79 4971
558 4447
583 4551
1858 4262
6948 8474
5462 1065
2992 6475
5285 955
2116 4370
4005 1384
8494 7004
8550 7607
5141 279
6986 8431
7991 7138
3498 1562
1225 3945
8647 7469
9301 9092
4296 1943
7973 7073
8269 6905
6993 8428
9992 9996
2825 5651
6153 2308
1805 3611
8966 9413
4663 480
9631 9817
4405 2204
9787 9708
3898 1125
7907 7102
1966 4315
3541 1522
8147 7406
9754 9877
7482 8675
2608 5748
1700 3442
4738 638
15 4989
5567 2784
7459 8657
8989 9473
5918 2955
4383 2103
4785 719
2347 6174
656 4765
1555 3491
5047 95
1485 3519
7054 7950
581 4548
6419 3208
8763 7530
8393 6789
9868 9745
6667 3333
5750 2606
440 4579
4148 2009
4982 23
5201 914
2538 6186
3556 1573
258 5123
3874 1131
8643 7655
2933 5904
3571 1599
5724 2614
3838 1167
8549 7608
8017 7153
9764 9690
4661 468
8528 7587
4924 219
5164 339
9169 9581
3033 6431
7943 7117
6799 8205
2574 6259
5944 2393
55 4964
4228 1929
4106 2051
6609 3215
1195 3868
2207 4416
6480 2969
5086 289
7759 8850
7677 8809
7452 8664
9652 9796
6944 8473
7355 8061
4953 66
7651 8633
6792 8212
3240 6621
3365 1681
8750 7503
5992 2346
2530 6180
6752 8377
7134 8009
3730 1288
6094 2244
5171 341
723 4776
9685 9778
378 4626
3759 1260
9997 9999
7814 7232
6561 3258
1261 3757
681 4695
5315 806
3839 1171
1214 3920
3392 1613
5101 328
7029 8511
4316 1964
9808 9655
4560 610
4085 2035
9726 9861
9118 9344
9874 9752
3681 1818
4508 497
4651 408
6051 2469
8488 7015
2182 4362
5417 836
9724 9863
9022 9315
6373 3117
1327 3802
4427 2182
2615 5723
3224 6610
2009 4148
3773 1246
3006 6503
3614 1803
8572 7558
8395 6787
2887 5827
7674 8817
2164 4322
1231 3939
1444 4055
5139 277
6178 2530
834 5407
3938 1204
6630 3312
4449 555
9899 9920
9833 9670
8860 7763
5939 2412
3642 1739
7290 8090
9856 9716
8343 6703
7026 8514
5148 350
3278 6556
9164 9559
7444 8713
3528 1495
4055 1443
5690 2652
944 5218
7681 8819
5557 2780
9827 9663
7011 8506
1422 3954
7093 7926
5000 10
8733 7506
910 5207
8044 7332
2180 4360
6699 8347
9932 9905
5378 752
687 4703
190 4820
7845 7174
865 5430
6612 3221
410 4650
8357 6771
4215 1901
6643 3299
1017 5488
492 4691
8866 7743
4386 2100
9907 9953
9765 9698
4462 542
4563 607
9564 9144
8486 7012
348 5151
5659 2803
5609 2743
3985 1436
7578 8543
3535 1511
8390 6779
929 5188
114 5056
7143 7986
4314 1971
5120 255
6628 3314
725 4779
3451 1719
4755 621
3331 6666
1876 4239
2075 4164
8002 7127
7004 8495
4408 2201
3963 1426
3328 6656
1328 3801
826 5415
5507 1025
1917 4199
9126 9377
4535 594
8189 6871
682 4694
7673 8813
6298 3150
7403 8136
5077 316
964 5276
3418 1711
6828 8218
5468 1059
1932 4229
3 5001
9097 9365
9546 9216
8737 7516
1607 3580
6147 2332
1756 3633
421 4584
8544 7585
2234 6118
9814 9640
3705 1852
1290 3729
5565 2772
4311 1969
7931 7115
381 4628
9175 9588
6566 3253
3964 1425
2210 4417
1093 5517
4955 50
4520 531
2057 4113
6634 3308
1513 3533
5597 2796
3156 6308
9305 9033
6136 2325
8312 6747
4336 2168
2509 6255
745 5371
8894 9448
3098 6357
2115 4371
5108 267
2864 5845
9965 9977
4897 162
5821 2888
5715 2664
8665 7451
6527 3050
5247 874
6036 2440
3076 6539
2401 5952
9135 9381
8724 7446
2006 4151
4627 378
2167 4333
6063 2289
6069 2269
3550 1579
5650 2826
1570 3559
4252 1878
2714 5794
6985 8432
8295 6710
8676 7486
8564 7552
7843 7162
1861 4254
2462 6042
592 4555
7101 7904
8828 7658
9547 9215
1632 3387
4443 2220
2203 4406
1528 3477
7745 8864
735 4805
5583 2768
2046 4088
4433 2217
8870 7739
199 4852
4601 445
6479 2970
4350 2154
4759 631
858 5429
2899 5810
5540 1083
5798 2705
841 5400
188 4817
7035 8518
2882 5885
6126 2253
7045 7959
4778 721
3567 1576
4876 129
6808 8196
23 4981
9079 9264
5233 888
7270 7872
2321 6142
6098 2240
2915 5840
2264 6130
7209 7796
1714 3428
7336 8044
8030 7346
9909 9951
5974 2369
6941 8449
2711 5793
1043 5458
7623 8616
6851 8154
5522 1087
8576 7540
9357 9123
4811 729
8746 7493
4515 508
564 4455
4351 2176
4732 698
1761 3655
2771 5582
1953 4287
4058 1445
2456 6021
7926 7083
1877 4243
2756 5637
976 5282
3821 1354
829 5412
9286 9065
7161 8022
4657 477
6736 8283
1157 3848
6811 8193
8291 6714
407 4639
1318 3741
4545 584
9975 9967
6867 8179
1980 4136
5587 2792
1345 3798
4231 1926
3926 1202
5337 793
9518 9204
5220 937
9738 9849
9703 9787
4706 684
2804 5658
9967 9975
4892 154
9024 9327
8436 6993
4634 371
9324 9014
2257 6123
9555 9153
4510 495
5335 795
7813 7233
3512 1507
7900 7283
9663 9832
6893 8241
4639 384
145 4859
982 5299
6141 2320
4140 1976
3924 1218
3205 6409
3040 6451
2619 5733
7778 8889
4202 1914
8345 6701
4178 2062
7350 8030
4179 2061
2842 5867
7695 8845
9539 9210
8079 7311
3003 6502
3547 1582
8801 7726
2742 5602
5217 940
7301 8074
8781 7705
3746 1314
1369 4007
6025 2437
5214 919
4783 716
8268 6902
4063 1476
5640 2822
1145 3906
6904 8266
9852 9720
4918 216
4565 609
2311 6157
7947 7058
2890 5819
3695 1845
7779 7225
4757 619
5988 2355
979 5302
7108 7915
984 5297
4907 222
835 5411
7019 8480
2741 5598
2412 5927
6313 3135
9284 9058
7749 8874
4803 714
9973 9987
3757 1253
8278 6732
1192 3867
2793 5587
7537 8584
9228 9604
621 4755
3210 6417
9375 9128
912 5210
8645 7471
4114 2057
6995 8435
229 4900
5859 2868
1757 3632
5895 2937
5632 2747
5318 798
8566 7555
464 4670
1055 5446
5875 2875
4366 2120
2616 5722
2820 5642
1301 3704
1539 3484
4554 589
4863 147
346 5153
670 4711
1480 4073
600 4529
8887 7776
8543 7577
4509 496
9065 9278
9722 9851
6626 3251
3101 6363
6757 8372
9412 8944
4701 675
6258 2573
873 5244
3084 6535
7006 8493
8545 7584
5892 2940
2589 6285
3225 6613
5990 2348
701 4733
6785 8385
110 5033
5061 121
8107 7323
2743 5610
9895 9924
9096 9300
1412 3978
6881 8248
7399 8140
7549 8567
9057 9281
7615 8624
2129 4398
1938 4302
5529 1098
8787 7699
4040 1458
985 5300
4390 2110
5797 2706
4384 2102
252 5124
5841 2913
294 5087
8405 6970
4911 232
2869 5858
1253 3751
5774 2702
7642 8615
2352 5991
8166 6838
775 5388
8641 7653
21 4983
8335 6670
9711 9792
63 4942
5647 2815
6345 3104
5989 2349
6179 2534
3909 1150
2058 4112
7669 8835
3142 6322
7680 8820
9732 9846
6954 8476
7056 7948
4333 2167
7893 7277
2335 6169
5327 789
5994 2358
4062 1454
7169 7836
7523 8758
3203 6416
9060 9283
6325 3141
1417 3959
9896 9928
2221 4442
4928 242
8739 7518
5301 980
7758 8851
9141 9568
6809 8195
9053 9340
2511 6253
9648 9800
6574 3286
2858 5851
2472 6238
1857 4258
8502 7001
3897 1122
5599 2739
8199 6806
6737 8286
9938 9881
5552 1102
8085 7291
8535 7580
5339 818
7679 8812
325 5092
4629 376
2834 5669
528 4523
3036 6455
3751 1254
4344 2142
950 5290
2143 4343
7508 8732
8361 6767
4933 237
501 4503
4474 572
8076 7300
6611 3222
9980 9962
5752 2627
9731 9842
1522 3538
3706 1298
3283 6578
2987 6462
1896 4220
9570 9138
3124 6367
2404 5935
36 5010
4069 1470
9505 9010
1381 3995
625 4751
6586 3233
2092 4193
9566 9142
4613 392
706 4798
751 5365
5135 281
7777 8886
863 5432
634 4742
2458 6023
3782 1264
2709 5795
720 4784
2366 5977
2240 6098
4711 665
4968 55
4481 565
3252 6626
632 4758
2689 5788
8905 9432
9769 9680
4671 463
8626 7619
1693 3435
6750 8313
2499 6229
5946 2396
1578 3565
8172 6832
6899 8244
7552 8564
2307 6156
4989 16
2999 6492
4677 466
3970 1405
3456 1727
5068 312
5702 2635
9655 9807
8735 7509
1689 3374
2065 4174
890 5232
4484 576
3526 1493
7819 7241
515 4489
45 4960
2783 5561
891 5240
5525 1089
1918 4198
9951 9914
1667 3343
8817 7674
1777 3598
5456 1030
3183 6404
6442 3007
3380 1625
5615 2723
6644 3298
2049 4108
12 5006
1838 3674
1429 3965
4271 1886
433 4572
4808 737
3598 1778
5977 2361
8431 6985
754 5376
4011 1364
8663 7453
2703 5774
7068 7978
2579 6268
5804 2716
2565 6282
6343 3106
1319 3744
5311 805
8207 6798
872 5245
3442 1701
9987 9973
2033 4083
6559 3260
2381 5999
3647 1734
9238 9599
5078 297
5975 2363
5548 1107
3904 1142
4841 177
843 5398
343 5170
4045 1467
9575 9147
18 4986
5591 2788
2177 4350
4392 2135
6555 3278
1100 5551
7080 7984
5155 348
8694 7427
8378 6750
2434 6029
5613 2725
2315 6148
727 4786
2576 6257
2176 4351
472 4657
757 5359
9333 9046
7995 7139
4877 133
9924 9895
1240 3764
6992 8425
960 5294
8822 7664
9870 9743
6810 8199
6831 8229
349 5155
3896 1123
4790 709
8315 6690
5653 2827
2740 5599
7079 7981
227 4902
9078 9260
8793 7707
579 4550
4788 725
2134 4393
1458 4041
4217 1899
941 5217
7073 7973
7396 8143
2609 5729
2977 6486
1968 4313
7440 8717
6184 2529
4273 1889
5115 274
7881 7248
3127 6377
8492 7024
8578 7538
4033 1396
115 5055
232 4911
7690 8837
9843 9729
654 4763
5790 2686
3958 1417
9290 9089
4320 1973
253 5128
7946 7059
3079 6536
5034 108
8783 7703
8041 7335
8259 6884
8280 6725
1493 3516
3431 1716
9359 9103
7345 8035
1725 3444
3525 1494
9572 9141
715 4802
4990 15
6016 2446
3893 1112
4525 534
8629 7625
3368 1678
2853 5870
5986 2352
3509 1496
5965 2419
6338 3166
815 5343
1536 3483
9750 9868
9760 9689
503 4501
3235 6590
9510 9198
57 4948
1406 3975
7601 8533
9128 9375
4900 229
332 5167
6193 2520
1490 3514
2588 6286
5219 943
7513 8727
9285 9066
9314 9038
2304 6089
6513 3064
1239 3765
3770 1235
4998 7
612 4558
2071 4182
2583 6291
4171 2083
9576 9150
9163 9560
181 4824
7710 8794
1583 3546
2692 5771
3152 6298
9207 9543
8845 7695
1577 3566
7503 8751
8332 6673
1250 3772
6863 8183
5712 2667
5400 839
6035 2441
5118 275
8717 7445
6404 3174
3408 1638
7448 8723
9259 9627
8241 6888
2800 5597
7320 8096
782 5390
1497 3525
6658 3325
5291 949
7489 8681
2285 6054
4781 718
1208 3935
4416 2207
3612 1805
3356 1648
1711 3417
6437 3012
7252 7876
3768 1237
855 5427
1122 3887
9073 9265
2206 4408
3370 1676
772 5386
6748 8311
8770 7716
5701 2636
9447 8891
2286 6053
9601 9244
8028 7348
7329 8046
5058 111
5437 1049
4684 486
2151 4340
3153 6302
3166 6329
4355 2177
7790 7228
8474 6946
3493 1553
4425 2184
9692 9757
2300 6080
7904 7100
459 4675
5490 996
2786 5567
4256 1860
3499 1561
9830 9660
8861 7762
4966 53
2446 6017
3490 1556
8221 6825
9757 9692
7183 7822
8 4996
8760 7520
9358 9104
8500 6998
9362 9105
8940 9398
9771 9678
7234 7812
9665 9825
9956 9917
4284 1955
3515 1490
2036 4080
6007 2385
3058 6530
5184 368
4277 1884
8515 7028
5828 2886
6493 2997
9185 9524
4000 1375
2997 6499
4557 613
3403 1616
16 4988
5719 2674
5478 1008
8834 7666
2040 4076
5083 292
4662 472
8132 7372
7333 8042
6621 3239
1729 3453
1004 5483
611 4564
3656 1766
7861 7202
5280 974
124 5063
1309 3737
4376 2124
4985 20
9138 9571
9392 8946
155 4891
1537 3482
3767 1238
2745 5608
4491 514
7284 7898
7665 8826
8871 7738
4447 557
1606 3577
4330 2156
9058 9280
3483 1535
5893 2939
8916 9435
2706 5798
8380 6762
5059 114
7181 7829
8339 6680
6382 3191
8080 7310
6402 3171
992 5495
9157 9552
9605 9226
1616 3389
9374 9129
8903 9452
1234 3949
4335 2165
6767 8362
6951 8466
6322 3140
618 4565
4294 1959
2429 5964
6379 3124
914 5203
8445 6930
8102 7315
4983 22
741 4812
7401 8138
3262 6563
6560 3259
9215 9539
6330 3165
1029 5512
8126 7373
3861 1185
7932 7114
2365 5973
3315 6628
3232 6588
116 5059
7520 8761
911 5206
4690 493
6044 2459
6639 3317
2774 5565
4027 1389
7409 8706
5777 2703
780 5383
2364 5974
7905 7099
9054 9339
847 5394
178 4841
2473 6237
6892 8237
4289 1950
2639 5700
4938 245
8504 7008
9094 9298
2414 5939
7149 7998
4472 546
659 4771
354 5150
7829 7176
7135 8012
6390 3188
6002 2382
8849 7760
6627 3315
352 5147
9988 9995
5851 2858
8853 7761
4632 373
3462 1542
6450 3040
7600 8530
1407 3969
4523 523
9328 9024
9109 9367
5264 893
8230 6829
5025 103
896 5262
4483 568
4696 680
1086 5524
1564 3495
9809 9658
9742 9872
1039 5448
9227 9605
1895 4280
9363 9099
9338 9041
7307 8068
9125 9378
1255 3754
226 4908
8111 7388
7317 8099
9461 8918
3845 1160
4431 2192
8010 7133
718 4781
1455 4058
7062 7947
2271 6068
3640 1736
2475 6235
3816 1331
5018 32
2181 4359
628 4748
2797 5596
5754 2625
3209 6418
6327 3163
7215 7804
6246 2503
6796 8213
2631 5749
7944 7120
7640 8613
5223 934
4096 2019
4193 2088
7012 8487
8863 7746
8483 7020
9443 8895
8049 7327
9707 9783
7446 8716
2550 6214
5617 2726
6113 2225
1326 3803
3886 1119
6341 3108
8921 9458
6706 8354
1365 4016
1548 3457
3221 6604
4733 697
2837 5670
2655 5689
7367 8066
7987 7142
4039 1464
8710 7420
2851 5863
8417 6958
9209 9541
4731 699
8064 7366
6977 8399
3586 1790
9800 9654
9272 9079
7327 8048
1842 3697
7311 8078
4775 659
9084 9295
8125 7374
5127 248
4602 449
7323 8106
5342 815
9840 9732
559 4446
9176 9587
3435 1694
304 5072
4962 43
5202 913
4836 168
6861 8162
630 4760
8134 7379
1297 3713
6275 2561
1010 5477
4083 2032
6516 3070
9160 9549
5246 870
9490 8976
5207 908
1972 4309
7251 7877
5040 88
5344 813
4640 406
8869 7740
9247 9603
7627 8626
1486 3518
8811 7675
9289 9090
5579 2758
8058 7359
3026 6424
9029 9308
8490 7022
6972 8404
5366 750
9069 9287
3258 6562
6537 3076
285 5136
3566 1577
5495 991
8951 9387
8982 9485
2496 6228
7602 8555
7506 8734
2623 5757
9067 9285
5827 2882
2912 5838
4482 564
4624 395
3340 1664
5150 353
9598 9233
8168 6841
8816 7670
5069 306
1526 3479
6783 8392
1643 3403
4453 551
9525 9183
9288 9067
7258 7888
1078 5532
8222 6824
4500 519
5331 785
5699 2643
3024 6426
3988 1428
1619 3400
8839 7688
8262 6908
1305 3714
3947 1222
6369 3121
927 5190
5185 367
8524 7596
2440 6028
8272 6911
6164 2338
8217 6802
7867 7262
5209 906
1161 3844
7346 8029
3361 1657
9197 9517
8714 7443
4012 1368
9323 9015
6385 3193
8319 6691
8826 7665
691 4726
213 4916
930 5187
8162 6856
4635 375
7025 8492
8120 7393
3619 1802
4843 175
8114 7385
5805 2904
7737 8807
7121 7942
7638 8606
9936 9883
527 4519
9473 8988
9194 9515
5269 905
683 4693
3295 6648
4625 398
1573 3556
529 4517
47 4963
4546 583
8715 7442
3510 1500
9984 9972
6629 3313
9283 9054
9275 9062
7050 7968
1850 3702
6440 3014
5175 364
1495 3523
1844 3695
1364 4012
8109 7390
1670 3335
997 5490
8704 7412
5585 2794
901 5257
7855 7191
9948 9912
8790 7701
2467 6041
6771 8358
5757 2622
1681 3370
7703 8783
164 4896
4269 1888
6221 2487
1001 5500
9589 9177
9582 9167
8993 9469
1707 3421
3085 6543
5506 1021
1423 3953
8155 6849
83 4980
7424 8691
3786 1273
3092 6358
9768 9699
1046 5441
7862 7267
9389 8954
783 5389
9148 9575
4641 405
2815 5647
7891 7279
9777 9672
4233 1924
1284 3721
9172 9578
7636 8603
1894 4277
465 4678
1767 3653
3149 6301
9379 9124
8755 7525
5730 2608
353 5146
4226 1904
8654 7476
2048 4109
6375 3115
853 5406
1634 3385
5452 1039
7250 7878
1517 3529
9155 9554
6980 8401
3720 1284
5109 271
2076 4163
5937 2405
4174 2066
8874 7749
2479 6231
3682 1817
7977 7074
9406 8932
7545 8585
2289 6055
7610 8551
7846 7173
8484 7014
1864 4265
9943 9890
1310 3736
7236 7815
2966 6483
6556 3277
3454 1720
8752 7501
9137 9383
9304 9034
5151 347
4165 2075
6312 3136
3097 6353
3581 1602
1600 3570
7976 7070
8623 7617
5878 2877
1659 3360
9081 9271
3227 6593
8875 7748
5300 981
4244 1872
7032 8508
6590 3234
546 4459
1626 3384
4784 715
6952 8469
8092 7298
1926 4231
8452 6923
7856 7190
7077 7983
8728 7511
5889 2943
2736 5603
5375 746
2466 6038
3414 1645
9881 9938
4844 178
2118 4368
588 4546
6823 8223
5407 832
8658 7458
1064 5464
8703 7418
3655 1762
5316 800
6887 8256
4747 643
8596 7561
5252 869
7033 8507
8998 9478
8986 9494
589 4554
9075 9263
9795 9712
4194 2087
645 4745
4220 1896
123 5060
480 4663
7413 8707
3406 1640
9822 9641
1591 3552
5494 992
8434 6995
4745 645
6546 3273
1869 4246
1704 3424
712 4801
1696 3432
4112 2045
9442 8896
7979 7067
9721 9852
6140 2321
2218 4432
956 5284
2482 6242
422 4583
3665 1834
4714 662
1664 3341
8904 9433
4514 505
1294 3711
8803 7728
752 5369
3797 1332
6088 2295
2537 6187
5038 90
1154 3910
3231 6589
7609 8548
8780 7724
5343 819
3597 1779
3885 1120
6033 2429
6081 2298
8651 7465
9902 9931
14 5008
9124 9356
291 5085
3787 1272
5408 831
6535 3078
9958 9915
54 4965
789 5333
5334 787
9076 9262
8294 6711
9009 9498
1206 3937
9581 9173
2685 5778
7358 8058
9246 9600
8542 7573
1384 3997
4454 550
5607 2731
6306 3142
1690 3438
6974 8402
5369 747
6772 8357
8899 9443
8798 7729
7483 8679
8124 7375
1446 4053
396 4622
1032 5455
6443 3006
2497 6227
5624 2728
8135 7378
6916 8460
1612 3398
8919 9460
1652 3353
3771 1239
8096 7321
8376 6752
3350 1654
1554 3492
1710 3418
379 4625
4903 226
2715 5802
280 5137
4536 593
1887 4270
8143 7397
3802 1345
9720 9853
9348 9119
3200 6414
9894 9925
1862 4253
3756 1249
7341 8034
5454 1032
9346 9116
8127 7377
7805 7213
5905 2932
3672 1827
302 5088
3366 1680
6168 2334
8307 6739
4719 671
5833 2917
4282 1957
4800 713
4381 2105
8855 7754
5134 282
8117 7382
491 4683
1744 3649
7821 7184
4899 164
5689 2648
238 4932
4615 390
7875 7272
8370 6758
7567 8590
4915 214
1124 3894
5114 266
8355 6708
635 4741
4724 693
602 4532
7762 8861
5628 2751
7541 8575
879 5252
4883 136
8257 6886
1399 4031
5698 2639
7443 8714
4415 2208
3359 1659
7919 7085
4702 674
7116 7930
4451 553
4435 2215
9180 9529
5138 278
1360 3827
5232 884
6337 3167
9560 9162
768 5362
9449 8894
3494 1552
3217 6603
3579 1604
5810 2899
3981 1435
933 5198
6210 2539
1368 4008
3247 6614
6289 2588
4522 524
4134 1982
4908 221
6408 3183
7558 8572
969 5271
8791 7709
214 4915
3121 6375
8990 9472
3032 6432
821 5341
9906 9954
9610 9221
6682 8322
5492 994
6533 3080
4464 545
9485 8981
3485 1533
9231 9615
9666 9824
4342 2144
2947 5890
5508 1019
9230 9616
3316 6627
170 4835
6855 8150
8318 6687
2188 4421
4680 467
4385 2101
8118 7386
9714 9859
3479 1525
4378 2108
7588 8528
2217 4433
5718 2666
4643 403
8607 7638
6392 3195
7728 8799
7334 8041
3888 1117
1915 4201
1785 3608
1851 3701
1867 4266
25 4993
5533 1076
7076 7975
3932 1196
6436 3013
5379 755
4014 1361
3700 1840
4457 561
945 5226
1426 3964
1772 3603
6615 3245
6960 8416
4707 687
1128 3876
2788 5592
6454 3041
1162 3843
2231 6107
1419 3957
5584 2771
3189 6389
8071 7305
7017 8482
1529 3476
3822 1348
813 5345
2060 4179
8430 6986
6965 8411
73 4973
4095 2020
4410 2199
4495 510
323 5094
4052 1446
9342 9050
4789 728
9855 9722
3477 1532
9950 9910
6121 2258
3524 1486
8666 7450
6049 2467
5500 1000
8526 7589
2194 4429
5855 2859
8203 6816
2299 6081
8175 6843
9691 9763
5044 84
9325 9013
2809 5653
1098 5526
6459 3044
8334 6671
1175 3830
9023 9319
4561 614
830 5416
9051 9333
2656 5683
4579 430
1500 3504
6670 8334
1919 4202
1614 3391
7139 7990
5132 261
8931 9466
8591 7566
2775 5564
2250 6102
8173 6836
3562 1567
7067 7979
7561 8596
3563 1566
8176 6842
8113 7391
9035 9302
8872 7742
5076 313
8252 6877
703 4796
2951 5899
2418 5962
185 4825
6495 3000
5249 867
2185 4424
9569 9139
9497 9005
6417 3201
3760 1259
2281 6058
5987 2351
9953 9907
2517 6198
7824 7181
2993 6498
6329 3161
5389 781
9429 8909
8706 7410
3018 6446
6557 3276
9438 8914
6425 3024
104 5025
5840 2910
8309 6737
3197 6390
9192 9535
5090 299
3733 1289
5662 2800
6937 8439
3409 1642
7982 7077
2477 6233
5200 933
575 4484
9211 9544
59 4946
8100 7322
1229 3941
3307 6654
2122 4364
7454 8662
8204 6815
3937 1205
9318 9020
4538 596
2273 6066
6213 2549
6705 8346
9281 9056
1256 3748
2024 4092
3557 1572
8158 6846
9739 9848
5429 855
4001 1374
9049 9330
6253 2509
8210 6800
7951 7054
7159 8024
9139 9570
1884 4273
7375 8123
9748 9866
9568 9140
3057 6522
7516 8738
4406 2203
526 4520
8936 9407
1538 3481
6720 8299
4926 217
8900 9451
1388 4006
6125 2259
3393 1612
6768 8361
2171 4356
4952 67
1380 3996
9780 9683
3939 1207
8013 7134
7090 7920
1575 3554
169 4836
3593 1797
1275 3785
530 4516
7614 8560
262 5132
8967 9412
7425 8690
4156 2014
7439 8718
8600 7570
1079 5531
1556 3490
1006 5481
6365 3098
5037 91
9872 9741
8742 7497
4609 451
6086 2293
1037 5450
8277 6728
2908 5815
4822 182
6703 8343
1672 3338
4357 2170
9802 9647
281 5141
7328 8047
9152 9557
1099 5529
8498 7000
9740 9847
7865 7264
8766 7531
7204 7801
9391 8947
6305 3143
9221 9611
7925 7079
5973 2365
9002 9501
1703 3443
3109 6341
3459 1545
6542 3084
2717 5800
4771 650
5582 2769
5923 2954
6849 8156
9005 9503
9693 9756
2929 5903
3711 1293
539 4466
8985 9491
1321 3808
6869 8177
5691 2660
9017 9320
9798 9651
7058 7946
2148 4338
4430 2193
4432 2195
3012 6438
6445 3009
3779 1267
8372 6756
7548 8568
1738 3637
6299 3149
2460 6044
8110 7389
5016 30
1469 4044
4940 247
1846 3693
5234 882
3580 1603
5771 2691
9549 9159
9239 9593
626 4750
6319 3129
2432 6031
7340 8053
6431 3023
7757 8852
278 5139
8691 7425
99 5030
4777 722
7432 8688
1986 4130
6449 3018
3226 6594
7013 8486
7141 7988
3633 1748
40 5020
7156 8014
8923 9456
2417 5940
3984 1432
6722 8297
5464 1063
1150 3901
5693 2658
919 5212
405 4641
9196 9513
6632 3310
2739 5600
4799 705
97 5050
8198 6807
3297 6646
3072 6516
6735 8284
3170 6338
662 4714
2133 4399
5626 2730
7499 8741
276 5118
7294 8081
3986 1430
1421 3955
3394 1611
6340 3109
4026 1395
5273 967
2159 4327
3876 1129
4558 612
3789 1340
6975 8406
6585 3292
1752 3623
2219 4435
4325 2161
5885 2878
3570 1600
4920 209
1370 4011
6668 8336
2676 5717
3282 6579
303 5091
758 5358
4286 1958
2066 4173
9488 8973
8186 6860
8970 9422
3998 1382
2818 5644
9153 9556
4945 65
6323 3139
7954 7056
2293 6064
2716 5801
8585 7536
3186 6387
2614 5724
3848 1162
1590 3544
2973 6476
3875 1135
198 4848
3250 6624
1871 4244
6730 8275
7587 8547
7789 7229
5907 2925
7157 8013
2489 6221
4306 1947
6588 3231
1481 4072
8583 7533
2902 5807
9679 9770
6486 2968
8563 7553
3755 1250
6745 8301
5354 762
2156 4330
4087 2042
8239 6890
1044 5461
8341 6678
5942 2395
6672 8337
6669 8335
1720 3449
6226 2496
7765 8862
9544 9209
8205 6818
3260 6560
357 5156
4869 150
3853 1157
3280 6558
3804 1325
2109 4377
2985 6464
8286 6733
3976 1404
382 4636
1484 3520
1178 3832
7807 7239
2599 5744
7308 8067
8153 6851
958 5287
6026 2436
563 4456
2495 6220
6233 2475
1856 4259
1961 4293
4201 1915
7563 8594
3713 1291
231 4903
9306 9032
7606 8556
2077 4162
8685 7431
5834 2916
7211 7794
2267 6072
2227 6111
6068 2270
9232 9614
7721 8779
456 4673
8635 7651
7118 7941
1783 3606
1166 3853
1498 3506
9015 9322
88 5046
8229 6830
7102 7903
2095 4185
6587 3232
1071 5474
3952 1234
6389 3184
9217 9546
5725 2613
9016 9321
6302 3151
4051 1447
2228 6115
1121 3883
9187 9522
5665 2811
8972 9424
716 4783
342 5171
4275 1882
7788 7221
624 4757
1137 3881
3740 1306
5914 2936
8456 6924
8139 7401
8311 6748
1351 3819
1865 4264
6222 2486
3942 1227
4586 418
9240 9592
484 4686
4519 527
4947 58
5765 2697
272 5109
2485 6243
6272 2559
7666 8834
2879 5884
9167 9583
7952 7053
1753 3622
3680 1819
3404 1619
1830 3668
4068 1471
3089 6361
1462 4037
2165 4326
9469 8992
4353 2174
2955 5918
9556 9152
4646 400
9372 9131
7686 8841
4414 2200
8128 7371
3396 1609
6099 2239
4576 428
4113 2049
6569 3264
5004 1
2833 5675
6842 8163
9066 9286
7882 7247
1885 4272
2845 5864
1304 3715
5161 337
3162 6334
7429 8686
3075 6517
2661 5692
3311 6632
5278 962
8094 7296
6726 8279
3957 1423
3696 1844
9834 9669
6231 2477
4131 2003
2903 5806
2926 5906
2679 5784
5239 891
2398 5941
2705 5776
3843 1180
7761 8853
6755 8379
1832 3666
370 5183
3160 6331
8201 6809
9622 9255
7825 7185
5546 1104
6959 8417
6938 8438
7485 8672
1200 3934
365 5175
4764 653
824 5347
274 5116
1688 3371
1180 3839
8622 7618
7924 7080
2671 5709
825 5350
6133 2263
6255 2507
2772 5581
6940 8450
4595 423
8835 7669
8792 7708
3520 1485
5434 1052
9532 9190
8323 6682
8000 7129
7397 8142
5317 799
7287 8088
8069 7307
6885 8258
1957 4283
8716 7441
1035 5457
5802 2714
2563 6275
4092 2023
6718 8287
4660 469
4740 636
4207 1909
1797 3592
2841 5679
239 4931
6046 2457
119 5051
6484 2965
2296 6084
8421 6968
545 4460
8721 7440
5173 343
6423 3026
836 5419
3243 6618
4590 414
797 5334
748 5368
8448 6941
4756 620
8404 6971
6360 3089
760 5356
271 5105
1781 3599
406 4640
4797 702
3220 6600
3334 6667
9413 8966
5779 2683
5395 844
7902 7285
6471 2978
7834 7189
2459 6045
8568 7548
3729 1280
5105 270
5555 1108
10 4999
2282 6057
3877 1128
6584 3289
1374 4020
9154 9555
2305 6088
9311 9027
4946 59
9244 9602
614 4556
1065 5463
4922 207
5384 778
8620 7620
499 4505
3323 6661
9749 9865
8995 9467
9837 9735
1160 3845
3207 6411
3425 1704
8415 6965
2162 4324
6112 2226
7389 8109
868 5249
5457 1034
2686 5777
7240 7810
803 5319
5435 1051
9628 9257
3732 1286
4596 422
1831 3672
1937 4303
4436 2214
3083 6532
7217 7806
4622 397
2813 5663
948 5227
7551 8570
8479 7019
7771 8879
9806 9657
6969 8421
2010 4152
7774 8880
9746 9873
5448 1038
9933 9886
1249 3769
943 5215
2090 4190
1644 3406
3536 1510
6377 3126
6458 3036
5026 102
5580 2762
4821 188
5325 791
6790 8393
9603 9246
1625 3380
4198 2096
2403 5954
3752 1258
6091 2301
4598 448
8288 6717
5646 2816
1989 4141
3634 1756
5358 758
2374 5978
9512 9201
9590 9241
3077 6538
6794 8210
1287 3718
6897 8232
7650 8630
6421 3210
7996 7147
7278 7891
7086 7919
8103 7314
6284 2565
2658 5681
3341 1663
700 4730
9354 9122
4071 1472
8254 6875
9151 9576
7163 7842
761 5360
5230 886
6947 8470
4855 205
3658 1759
1363 4013
3883 1136
679 4702
2610 5728
2765 5574
3010 6440
542 4468
548 4471
4142 1988
6583 3290
8365 6768
3940 1229
8467 6949
7268 7865
5353 763
7022 8491
4262 1854
7493 8747
4391 2113
4349 2151
6444 3005
6409 3205
6363 3091
2700 5763
244 4930
7724 8780
5766 2696
2934 5912
5936 2401
9554 9154
1014 5487
3935 1198
4912 231
1059 5469
3223 6611
7247 7881
3860 1186
2338 6166
2468 6049
5854 2855
5630 2749
981 5305
966 5274
6041 2462
9911 9949
3369 1677
877 5254
1666 3339
6845 8174
3585 1791
946 5225
8830 7656
6475 2988
160 4886
8296 6709
7253 7875
1518 3528
87 5042
3119 6372
2691 5790
5460 1040
5441 1045
9847 9739
4842 176
3078 6537
1959 4281
211 4918
9812 9637
3042 6449
5072 303
629 4752
5332 784
8283 6727
3584 1792
3504 1501
9653 9795
6236 2472
9403 8940
2607 5745
2921 5842
8112 7387
4725 692
5961 2418
5792 2711
5039 89
1296 3709
2108 4378
4620 385
2829 5674
8373 6755
3704 1849
9329 9023
2002 4128
1460 4039
1378 3998
2662 5691
637 4739
7736 8804
137 4881
5265 896
3460 1544
8349 6697
3769 1236
1136 3873
6540 3077
4079 2036
6161 2318
6300 3148
8083 7293
4893 153
2699 5764
5829 2894
2072 4181
5670 2833
8662 7459
7193 7853
4192 2089
6538 3075
4279 1891
3969 1406
6684 8320
4865 140
7871 7263
223 4906
6472 2982
2019 4097
4423 2191
7140 7994
2707 5797
4257 1859
5532 1077
6251 2498
2564 6283
2047 4110
3631 1745
9887 9937
2213 4437
9517 9196
5364 766
5862 2847
1878 4251
9982 9960
2896 5831
4943 62
5680 2840
362 5178
8884 7766
2587 6287
2964 5926
5692 2659
6805 8217
4072 1480
277 5140
109 5034
7092 7927
7273 7896
4248 1868
9336 9043
8455 6920
6460 3043
9999 9997
6575 3285
1246 3763
5117 272
726 4787
7406 8146
3869 1190
730 4810
3870 1193
9616 9229
684 4697
4828 190
4526 533
8747 7492
130 4874
5864 2850
4850 196
4170 2084
5549 1101
7557 8573
9865 9748
8087 7289
9977 9965
9435 8908
5616 2722
1594 3553
7216 7803
3739 1307
8842 7685
5313 803
4996 9
7965 7040
2330 6138
8331 6674
4833 171
4851 195
7255 7887
6506 3066
5489 997
6847 8176
8588 7542
458 4671
8089 7287
7288 8087
9355 9121
5350 820
990 5497
9458 8926
3140 6324
8805 7735
5831 2892
4348 2152
7621 8618
7815 7231
4547 587
3707 1297
6966 8415
1875 4240
2023 4098
7939 7107
8700 7416
9606 9225
1435 3982
5093 323
6854 8151
4293 1960
4574 435
3208 6419
3446 1724
9466 8930
7851 7195
1386 4004
5431 862
6413 3206
1108 5547
5293 952
9763 9686
7938 7108
8105 7325
6701 8345
9647 9801
9859 9713
7110 7936
9158 9551
9307 9036
6120 2236
3277 6557
1683 3363
6030 2432
4030 1390
2252 6128
9249 9624
3895 1124
2747 5633
6504 3068
5056 113
8375 6753
1580 3567
3501 1504
1102 5549
1749 3631
5877 2873
4963 42
241 4929
795 5336
7691 8836
6732 8273
1477 4063
6519 3053
9319 9019
7418 8702
970 5270
2965 6484
1510 3508
3146 6304
7580 8536
2585 6289
2303 6090
482 4665
7037 8516
327 5103
7853 7198
5482 1004
5575 2767
6455 3035
1060 5468
2998 6493
4162 2078
8831 7660
8668 7462
5351 823
3745 1315
6366 3097
3945 1224
9496 9006
9119 9343
92 5037
8475 6954
3187 6386
9805 9649
5415 824
5760 2632
6791 8396
1908 4222
8751 7502
8991 9476
4886 137
6673 8331
747 5374
8077 7304
1786 3589
2673 5711
7091 7928
7663 8823
8358 6770
959 5295
3349 1655
6714 8296
4367 2119
82 4977
2946 5886
6534 3079
4119 1997
7643 8637
2877 5873
1428 3962
6508 3069
3646 1730
8727 7512
9797 9652
4769 648
404 4647
5014 37
3126 6378
8883 7767
9905 9932
7024 8489
734 4811
3538 1521
5385 772
9921 9898
6159 2316
3049 6525
1502 3507
1717 3429
1119 3885
1992 4124
3259 6561
989 5309
3468 1541
937 5221
5192 923
4241 1875
7107 7912
1765 3651
986 5308
3123 6368
4767 655
136 4882
1661 3358
7624 8620
6176 2532
1132 3872
3918 1210
5755 2629
8018 7157
6432 3031
2256 6129
5700 2637
5439 1047
2667 5713
7820 7244
5976 2362
5195 920
4636 383
3426 1703
6228 2494
3009 6441
7326 8107
2979 6470
8943 9409
9453 8903
9400 8938
8928 9465
698 4732
1047 5440
142 4862
3016 6439
9565 9143
1443 4056
3717 1301
8046 7330
4673 456
2020 4096
329 5101
798 5337
1999 4117
3967 1408
467 4676
5021 38
4309 1948
9595 9236
3999 1376
8628 7626
971 5269
7800 7204
6581 3283
1434 3988
3913 1215
3923 1219
4445 2222
7731 8796
7385 8113
3502 1503
125 4879
6957 8419
9263 9074
851 5404
3314 6629
7581 8535
3244 6622
9563 9145
6410 3204
5971 2367
5267 903
8511 7033
3951 1231
9195 9514
4100 2029
151 4867
8353 6706
4167 2073
3345 1673
3577 1593
1613 3392
7868 7261
1719 3450
1622 3383
2594 6297
7671 8815
4324 2162
7441 8721
279 5138
661 4715
2254 6126
2695 5768
4902 227
4798 701
4516 530
8941 9402
9416 8963
372 4632
5995 2357
5451 1035
675 4701
862 5424
4675 454
8233 6896
8086 7295
3304 6653
1376 4000
4741 635
974 5280
6335 3160
237 4933
8612 7633
4999 6
3608 1782
2751 5634
8696 7434
4960 45
4412 2197
5505 1022
2777 5562
2764 5580
2117 4369
7437 8720
1854 4261
8377 6751
100 5029
2029 4101
3413 1637
6677 8332
7864 7265
1394 4023
3342 1662
828 5413
436 4569
3529 1517
3892 1113
5908 2924
6539 3074
4582 436
1465 4034
6364 3099
8006 7123
4728 689
2168 4332
9189 9534
2548 6203
2737 5607
1371 4019
6344 3110
473 4661
174 4831
3051 6523
1430 3987
2384 5996
2248 6104
3651 1743
9927 9892
846 5395
3558 1571
3333 6664
7793 7211
7836 7169
8920 9459
2773 5584
171 4839
5668 2835
502 4502
849 5397
4345 2141
4703 678
9962 9980
5215 942
5756 2623
1144 3902
9345 9117
880 5255
3062 6512
3798 1336
5024 104
9149 9574
2696 5772
3338 1666
177 4842
8705 7411
7993 7136
6052 2286
6580 3280
449 4597
4102 2027
578 4485
8745 7494
335 5169
9339 9044
6654 3306
489 4681
2022 4094
3764 1241
5926 2960
4664 479
307 5069
7628 8629
2258 6122
9529 9179
3594 1796
8466 6950
2750 5630
973 5281
8310 6740
5486 1014
20 4984
8935 9403
4266 1864
7981 7069
8778 7722
2922 5841
931 5191
5731 2607
2546 6205
8218 6801
154 4892
953 5292
1814 3684
2483 6241
6898 8236
1962 4292
1491 3513
3035 6456
1821 3677
4023 1393
3783 1263
8146 7407
3675 1838
68 4951
7166 7839
5932 2410
3691 1822
5661 2801
6142 2319
1976 4318
475 4654
1439 3991
2266 6073
3703 1850
736 4804
8052 7338
9885 9934
3907 1143
9421 8962
9819 9635
9033 9304
6963 8413
2648 5705
8398 6977
2062 4177
8238 6891
6742 8309
8800 7727
7322 8098
316 5074
1848 3691
9649 9804
4730 691
2243 6095
2721 5618
2693 5770
9089 9290
3135 6315
4242 1874
8413 6962
5870 2853
4735 641
1184 3862
7059 7945
5809 2905
5227 944
7712 8774
5950 2387
6967 8423
8104 7317
8702 7414
603 4540
4796 703
5879 2871
8209 6796
1387 4003
7896 7274
5596 2797
1601 3569
5806 2903
2449 6019
3620 1810
6514 3072
2031 4099
5716 2663
1091 5519
807 5310
1611 3394
6928 8462
5181 358
4218 1903
1793 3582
8843 7684
8608 7632
6681 8341
7818 7242
9717 9856
7647 8638
1188 3858
7391 8112
9268 9069
3718 1300
1448 4051
8754 7526
7111 7935
4099 2021
2214 4436
2435 6033
321 5096
6640 3320
1893 4278
8397 6978
1897 4219
9701 9789
7715 8776
3139 6316
8459 6916
1692 3436
2436 6027
646 4744
5089 300
7393 8119
2916 5834
4611 453
6776 8367
5968 2425
8642 7652
298 5078
2534 6176
4494 511
5080 295
7585 8545
8167 6837
5934 2403
431 4574
1890 4267
3871 1134
3080 6540
1520 3526
1312 3734
4313 1967
3007 6443
6873 8186
2541 6210
2500 6251
8302 6744
8473 6943
140 4864
2525 6199
8846 7694
1663 3342
6971 8405
2370 5968
1172 3833
2632 5753
3353 1656
6368 3122
6962 8414
1438 3983
2738 5601
1705 3423
1597 3573
8108 7326
419 4586
6833 8231
8610 7630
2409 5930
9699 9764
5675 2828
4017 1363
7632 8607
8342 6681
7471 8645
4261 1855
7407 8145
7103 7902
9624 9248
8446 6929
2759 5638
2041 4075
9422 8970
6177 2531
8036 7345
41 5019
7408 8148
9640 9813
7887 7256
9043 9336
4047 1465
9804 9645
650 4767
4959 51
739 4814
8655 7475
1811 3618
939 5219
6320 3128
7795 7209
7264 7864
4913 234
7767 8883
9262 9075
9365 9097
5444 1056
5865 2844
8234 6895
4368 2123
6017 2445
8823 7663
2931 5901
6034 2433
9985 9971
6281 2564
3405 1641
5958 2421
6 4998
8634 7647
5067 308
61 4949
926 5196
7612 8558
4172 2086
1792 3583
3920 1208
2073 4184
2270 6074
4214 1902
75 4976
2016 4154
9223 9609
8523 7592
1809 3620
6114 2224
1569 3560
9952 9908
6821 8225
3639 1737
3765 1240
134 4875
3289 6576
1650 3355
8980 9482
7470 8646
3657 1760
9129 9379
8531 7598
5157 355
2030 4100
5537 1072
6987 8430
9676 9773
1860 4255
4281 1893
9642 9820
249 5127
9832 9662
5238 883
5917 2956
4794 710
837 5418
1024 5504
8895 9442
1820 3678
8667 7454
7756 8858
7038 8519
7879 7250
3948 1225
4186 2072
42 5022
7239 7807
4404 2140
4371 2115
24 4985
4053 1450
6886 8257
9680 9769
7379 8133
168 4837
8216 6803
9537 9212
3377 1628
284 5133
64 4941
572 4474
6476 2991
4304 1935
2554 6279
2084 4169
5618 2720
7014 8485
1129 3875
1288 3722
3604 1772
4694 682
2959 5914
6582 3291
678 4698
7971 7048
470 4659
1298 3707
2726 5613
4980 79
2042 4079
6651 3305
2830 5673
3684 1815
5229 887
9644 9822
4552 582
7286 8089
525 4521
498 4506
8505 7007
1979 4137
4709 667
2179 4361
7535 8581
1104 5552
8762 7522
4766 651
5289 951
4460 544
5198 931
4668 461
2393 5946
9614 9231
897 5261
5436 1050
4570 434
6384 3189
2630 5750
3744 1316
2247 6096
3609 1781
6599 3238
9225 9607
3754 1251
5817 2906
3358 1651
6552 3267
3946 1223
2590 6288
9030 9307
7568 8589
5474 1070
9174 9580
4503 502
4782 717
5625 2727
4300 1944
6370 3120
4530 599
1965 4316
5610 2742
4838 166
4222 1894
8265 6910
5158 354
4337 2149
5008 11
7469 8652
5446 1054
7873 7270
5250 866
8767 7719
9807 9656
9659 9831
1906 4224
2375 5981
9003 9500
5097 319
4742 634
2339 6170
3922 1220
5245 871
6841 8164
9523 9185
2437 6026
8688 7428
416 4589
7096 7909
898 5260
6062 2290
5149 349
995 5492
9360 9102
4272 1885
5562 2775
1176 3829
909 5208
3629 1747
9270 9072
6463 2986
7417 8698
7877 7252
2102 4384
4196 2098
6502 3001
6315 3133
5413 826
1653 3357
9143 9566
8457 6918
3722 1282
248 4939
9111 9351
5928 2409
9434 8904
8402 6973
6399 3179
8301 6722
9664 9826
5785 2677
9684 9779
5179 360
9673 9776
8290 6715
8571 7550
4727 690
2734 5605
9996 9991
2712 5792
9520 9202
8181 6865
8912 9425
9347 9115
5465 1062
5104 329
7369 8129
553 4452
2950 5896
236 4934
4319 1974
5013 33
6079 2277
7219 7786
2105 4386
7884 7245
7521 8760
4527 532
9946 9891
7262 7866
8964 9420
3997 1378
9519 9203
8911 9426
9584 9165
8709 7421
8070 7306
6647 3295
640 4736
1994 4122
9352 9110
5542 1081
4689 485
420 4585
8736 7517
9291 9088
9313 9039
5205 915
2974 6480
5980 2372
3542 1587
5808 2901
1784 3605
857 5425
7869 7260
8258 6885
2163 4323
3685 1814
1223 3924
8489 7023
3574 1601
8971 9421
1654 3351
2724 5615
9548 9218
4258 1858
4007 1386
6224 2484
2241 6097
7438 8719
5800 2707
3791 1338
4175 2065
811 5320
4161 2079
6661 3322
2778 5566
8449 6940
53 4966
7363 8057
2283 6056
1263 3755
8768 7718
4151 2006
2198 4411
6579 3281
3589 1787
2698 5765
8005 7124
3664 1770
9836 9671
8880 7770
1163 3842
6201 2521
856 5426
133 4871
5213 916
913 5204
5627 2752
1353 3817
2463 6046
4450 559
6836 8169
719 4780
2767 5572
7572 8598
2471 6050
6815 8194
4548 581
9039 9312
2666 5714
3862 1189
6206 2543
3066 6513
7461 8669
3023 6427
7168 7837
366 5174
3894 1116
3603 1773
3758 1261
3347 1671
2506 6245
3248 6617
9091 9288
7753 8856
5324 810
9245 9601
1323 3806
146 4858
5652 2824
7591 8525
2665 5715
5966 2427
5048 94
5503 1024
5894 2938
4139 1977
1847 3692
6180 2528
864 5431
1251 3753
9976 9966
453 4606
8057 7360
732 4808
5221 936
107 5027
196 4850
4507 498
2120 4366
3928 1200
8338 6672
102 5032
1889 4268
5807 2902
1760 3656
317 5077
2823 5639
4089 2044
1196 3933
1204 3925
1927 4230
5560 2777
9858 9714
2074 4165
4814 739
1244 3760
9036 9301
8684 7490
7507 8733
8599 7571
7457 8659
4906 223
1901 4215
522 4496
6804 8214
6853 8152
4417 2206
8876 7751
1408 3968
1141 3905
2445 6018
695 4722
8313 6746
8681 7489
6565 3254
4531 598
9302 9095
8738 7515
2861 5848
7386 8117
32 5014
5664 2812
8495 7003
8948 9390
7750 8873
1741 3648
6282 2563
972 5273
9256 9621
1610 3395
4437 2218
1758 3635
9890 9943
9233 9617
2406 5933
859 5423
474 4655
883 5234
4088 2041
3020 6448
7743 8866
2718 5803
3095 6355
2501 6250
93 5041
3670 1829
5684 2653
3218 6602
7554 8562
962 5296
4013 1362
9077 9261
2900 5809
3569 1578
3219 6601
6214 2548
827 5414
3974 1401
1873 4242
3017 6447
4685 490
5328 788
3507 1498
2371 5972
1040 5452
7018 8481
8814 7672
1008 5484
9993 9990
5979 2364
2839 5677
6872 8187
363 5182
5554 1109
557 4448
4722 695
261 5129
8987 9475
2642 5697
6427 3022
8256 6878
3687 1812
5183 369
8191 6873
224 4905
1427 3963
5347 814
9020 9317
2454 6014
8350 6696
6478 2971
2935 5911
447 4599
8909 9428
6505 3067
7212 7793
6095 2243
2326 6137
3719 1303
9052 9341
574 4476
9430 8913
4936 238
9202 9512
2276 6077
1042 5459
426 4593
3453 1717
820 5338
2860 5854
3641 1735
2569 6264
1034 5453
9383 9133
711 4793
1097 5527
3686 1813
6826 8220
3674 1830
4618 387
5651 2825
3064 6510
7047 7957
7475 8655
9482 8979
7890 7280
2644 5695
6019 2443
2238 6100
1472 4068
7942 7118
4802 711
5129 260
6498 2992
9567 9146
9884 9935
9848 9738
3122 6369
4121 1995
2948 5898
90 5039
4614 391
3091 6359
9968 9974
4765 652
4723 694
1187 3864
9351 9111
4809 731
2802 5660
7226 7779
7688 8844
7256 7886
9495 9007
6415 3199
7658 8828
9869 9749
2913 5837
7975 7071
9402 8936
9349 9113
4395 2132
7714 8772
7192 7854
2068 4171
2770 5583
2826 5650
3902 1144
9007 9496
74 4972
5853 2856
268 5108
5776 2700
9182 9527
2600 5738
3037 6454
3137 6313
2192 4422
9841 9736
288 5142
4104 2053
7725 8802
3246 6615
8255 6874
9660 9830
823 5348
3561 1568
7263 7870
6109 2229
2439 6024
2331 6146
8068 7308
6558 3279
1576 3558
9602 9243
9873 9744
4699 677
4693 494
9179 9530
622 4754
2037 4084
5969 2428
2794 5586
4077 2038
8868 7741
5948 2389
1682 3364
7184 7821
9340 9052
4881 124
2749 5631
3061 6531
9364 9098
8195 6810
3461 1543
6015 2452
7089 7916
7716 8770
9212 9538
5256 878
7160 8023
3432 1697
5550 1100
7069 7977
6230 2478
300 5090
1139 3879
5103 326
5381 776
2843 5866
2730 5623
7910 7094
6165 2337
7912 7097
6362 3087
9766 9697
7955 7064
6074 2264
412 4648
7501 8744
7072 7974
4975 71
7940 7111
1615 3390
3422 1712
1746 3629
6743 8303
3000 6491
8463 6926
6429 3020
5270 970
2141 4403
5534 1080
1883 4274
8813 7673
9854 9718
8944 9408
4260 1856
8981 9481
1357 3826
3313 6630
5527 1096
2811 5665
5594 2790
3419 1710
7644 8636
6687 8317
7445 8712
8698 7436
4542 605
2152 4348
9278 9059
1519 3527
704 4795
8220 6826
1332 3811
5156 356
6834 8171
9335 9049
2894 5829
7857 7193
1404 3972
4126 1990
1592 3551
1021 5507
2650 5707
7555 8561
2295 6085
1070 5471
8536 7579
6789 8394
8470 6951
6510 3062
8829 7657
7817 7243
3959 1416
1582 3547
4303 1936
5498 993
1514 3532
4375 2125
2645 5694
7095 7910
9831 9659
1584 3545
7442 8715
9842 9730
468 4679
4948 57
1795 3585
312 5064
9813 9636
1492 3512
2970 6479
1069 5472
1474 4066
7786 7218
5254 876
3842 1177
688 4706
6012 2450
2063 4176
5949 2388
8692 7424
167 4838
742 4815
8051 7339
8929 9464
3267 6553
299 5082
6185 2537
7048 7961
983 5298
8327 6692
560 4445
9411 8941
9594 9242
2683 5780
128 4876
7283 7899
1750 3625
8215 6795
5788 2688
1956 4284
2259 6121
1050 5437
2986 6463
8063 7358
7870 7259
5116 273
3093 6362
5535 1074
7359 8062
5753 2626
8799 7733
1433 3984
8200 6805
3487 1559
9208 9542
6135 2326
5654 2808
9417 8967
4885 134
9177 9586
4977 73
8501 6997
9723 9855
5049 93
296 5080
8538 7582
2344 6173
8997 9479
1391 4026
4169 2085
1964 4294
9201 9508
8657 7477
5922 2951
6968 8422
2838 5678
4584 420
173 4832
2606 5746
2362 5976
653 4764
4505 500
9811 9638
702 4797
5133 283
7078 7982
6107 2231
2824 5643
5428 852
3497 1563
7517 8737
5079 296
6984 8410
3412 1634
3263 6571
1147 3899
544 4461
7842 7163
9898 9921
2112 4388
5066 309
934 5197
7297 8092
1322 3807
4644 407
806 5311
2763 5576
3005 6500
5484 1007
7785 7219
2297 6083
1764 3652
5598 2799
67 4952
8789 7697
8734 7505
4327 2164
8836 7691
2748 5632
6997 8437
7948 7057
3824 1346
8512 7027
7933 7113
6919 8457
6911 8263
7706 8785
430 4575
204 4855
432 4578
1461 4043
609 4561
1338 3796
8873 7750
765 5351
3979 1410
9737 9841
1019 5509
7748 8875
8590 7567
2425 5955
9629 9256
1501 3503
9619 9253
191 4828
3147 6303
3056 6518
9767 9696
7769 8881
8892 9445
6526 3046
1712 3416
7733 8798
1220 3923
1355 3815
1207 3936
8284 6735
866 5433
4422 2187
9853 9719
9995 9988
7811 7240
9878 9941
2728 5616
1677 3369
6631 3316
6106 2250
3400 1610
1866 4263
5403 850
5020 39
9727 9864
5283 975
9369 9107
8808 7678
7147 7996
1621 3402
8862 7765
5674 2829
3158 6333
7766 8884
6822 8224
8796 7731
3723 1281
2733 5606
1673 3346
7985 7078
2672 5708
2216 4434
7645 8635
8213 6792
6143 2323
9668 9827
2779 5560
9698 9765
3272 6548
7990 7144
3390 1633
644 4746
9334 9045
1645 3414
8145 7399
3177 6396
1270 3776
4238 1932
1242 3762
5113 262
7127 8002
7123 8006
7447 8724
7060 7944
8743 7496
8957 9395
3458 1729
3031 6433
8637 7644
1125 3893
9867 9746
9226 9606
113 5057
5787 2680
881 5236
8520 7595
7435 8694
6956 8478
6925 8456
8611 7629
1352 3823
1182 3841
4569 618
240 4935
4861 144
9095 9297
9292 9087
7128 8001
1872 4248
144 4860
1048 5439
6011 2451
999 5493
3600 1776
7693 8847
1816 3682
8732 7507
3448 1722
7434 8695
7696 8848
3447 1723
8598 7563
2255 6125
1053 5434
1669 3336
6619 3241
4630 380
7040 7964
6414 3200
2363 5975
5906 2926
8161 6857
2423 5957
7477 8653
3254 6566
9064 9274
1731 3644
2984 6465
8285 6734
7352 8037
3151 6299
2905 5804
6876 8253
2870 5880
9257 9629
306 5070
1822 3681
5539 1075
6548 3271
1082 5542
5735 2617
9144 9565
6655 3328
358 5159
3856 1163
5903 2929
5279 966
5073 307
3131 6319
5180 359
2461 6043
5098 318
6311 3155
6614 3246
7388 8110
4084 2031
5999 2380
7187 7832
5182 361
6163 2339
2641 5703
4094 2026
2224 6114
5964 2415
9553 9160
1120 3884
1440 3990
5541 1082
1995 4121
6725 8280
4978 81
7646 8634
7972 7051
8646 7470
3437 1692
2205 4404
1800 3616
8386 6783
6795 8209
7227 7783
4577 427
5786 2676
5314 802
5739 2599
7415 8700
6927 8463
9267 9070
7449 8722
6357 3092
1252 3752
5811 2898
5295 959
3116 6352
3905 1141
599 4530
4475 571
3376 1688
3607 1783
6939 8442
7376 8122
2941 5891
2502 6249
7460 8661
3472 1550
9423 8969
8197 6808
4154 2007
3694 1846
3312 6636
4101 2028
5751 2628
108 5035
3475 1529
9493 8982
9050 9329
8047 7329
1361 4015
2183 4426
2510 6254
8326 6693
1551 3468
4967 52
3402 1617
7225 7780
4737 639
7276 7893
5191 929
3324 6660
2657 5682
3436 1698
7433 8696
283 5134
8859 7764
3188 6385
5362 768
1743 3646
4346 2145
1375 4001
787 5330
6646 3296
4356 2171
5900 2950
8032 7344
6268 2577
1589 3540
2769 5575
6064 2288
3439 1690
3060 6528
5916 2957
9662 9828
1550 3469
4571 433
5463 1064
7781 7223
4315 1965
9621 9251
3395 1615
1531 3474
6071 2267
1278 3786
4749 627
5709 2670
7293 8082
3407 1639
4984 21
6487 2976
6943 8451
1755 3634
5637 2755
4957 48
8261 6909
6604 3220
4931 239
1494 3524
1880 4249
7243 7816
7002 8502
7374 8124
4717 664
7989 7140
5309 985
2880 5883
494 4689
601 4528
1088 5522
1627 3378
3912 1216
2515 6195
4234 1923
3238 6596
478 4656
7496 8749
3551 1583
7126 8008
2595 5743
496 4508
2512 6256
9820 9643
9480 8999
9376 9132
1315 3735
9203 9520
7780 7224
4698 683
9658 9808
413 4651
907 5268
9743 9871
1285 3720
6013 2449
6105 2247
1798 3591
2602 5736
2385 6000
8491 7021
4761 629
8371 6757
8525 7590
5644 2823
6296 2589
424 4595
8539 7576
1402 3974
2682 5786
6351 3112
1574 3555
9969 9978
6852 8158
7903 7101
7661 8825
5825 2884
508 4510
2674 5719
6359 3090
2290 6063
4387 2104
8364 6764
3255 6565
7347 8028
5433 864
3800 1343
5163 335
1013 5479
301 5089
9528 9180
6355 3094
8541 7574
4872 151
5424 856
8672 7485
3796 1333
4551 578
5621 2717
8891 9446
8409 6980
3335 1669
7698 8788
8482 7016
8988 9474
9861 9725
6547 3272
5001 4
7794 7210
6786 8384
1557 3489
4845 201
8718 7439
2675 5718
5902 2930
2708 5796
8670 7460
7727 8800
9779 9684
3155 6309
8552 7610
6880 8249
5955 2400
1946 4299
6451 3039
4772 658
1314 3732
3840 1179
3111 6339
2516 6194
2431 6032
2013 4144
2872 5878
8707 7409
3523 1482
8776 7715
4176 2064
694 4723
5199 930
2202 4407
7629 8610
7122 8007
4223 1898
3785 1274
6884 8250
5477 1009
7941 7119
8584 7532
1456 4061
7704 8782
876 5246
4382 2109
8081 7313
8356 6772
6843 8167
2089 4191
5586 2793
1942 4298
4163 2082
4492 518
344 5173
1540 3465
9625 9247
5370 751
4871 148
1951 4289
84 5045
3818 1352
5140 276
6188 2538
7450 8725
7064 7954
9597 9234
569 4477
3229 6591
9756 9693
7796 7208
7314 8102
8453 6922
4018 1371
869 5248
117 5053
3286 6575
7604 8553
4875 130
1791 3584
1881 4252
5629 2750
8947 9391
636 4740
395 4614
5147 351
5236 880
8001 7128
810 5321
443 4603
6248 2506
4575 429
7210 7795
1973 4312
3427 1707
2291 6062
3994 1381
5193 922
5447 1057
591 4552
2428 5965
9552 9156
6082 2297
6055 2283
3245 6616
9586 9176
9273 9078
7208 7802
9736 9837
3182 6405
3596 1798
6394 3197
6189 2519
6280 2556
4682 488
9960 9982
8468 6948
3449 1721
493 4690
3081 6534
5856 2867
5954 2397
4973 78
4744 637
9183 9531
1475 4070
8472 6944
8156 6848
6910 8260
7196 7850
7874 7269
4031 1398
5297 961
4599 447
2577 6261
2680 5783
2681 5782
4283 1956
4923 211
6907 8268
5904 2928
6813 8191
1453 4060
2145 4341
5528 1095
2722 5617
4891 160
2938 5894
7840 7165
6774 8360
2427 5966
9697 9766
8786 7700
5940 2411
1899 4217
4150 2012
5253 877
4402 2138
2891 5818
7958 7065
9669 9835
2727 5612
5871 2852
7378 8134
3429 1714
8674 7483
6238 2470
8533 7600
5015 31
4488 517
7180 7825
4961 44
2184 4425
5601 2737
9409 8943
7304 8076
991 5496
8711 7419
1072 5538
3832 1173
6610 3223
3809 1320
3011 6444
3500 1564
3891 1114
2956 5922
7810 7236
3624 1752
7961 7044
8532 7597
1841 3698
7357 8059
6652 3304
978 5303
7625 8628
7957 7062
7115 7931
6038 2442
8182 6869
3778 1268
4819 185
5697 2640
9105 9357
6303 3145
2328 6135
9709 9785
4032 1397
1258 3746
7036 8517
1110 5554
2056 4114
786 5331
8579 7537
8530 7599
4236 1925
8066 7364
8425 6991
1960 4285
2193 4430
1173 3837
7362 8054
1604 3579
3401 1618
1863 4257
6622 3242
6395 3178
5319 797
8794 7710
7783 7226
7835 7170
4837 167
1735 3645
6003 2376
9353 9114
8601 7569
5095 321
1593 3550
2411 5928
7065 7953
1030 5515
4655 474
7339 8050
1950 4308
2097 4196
5815 2908
8416 6959
2455 6022
3322 6662
568 4478
3234 6586
4801 712
3045 6459
1542 3463
1016 5485
2345 6172
1307 3739
9034 9303
7837 7168
6532 3081
8896 9441
1562 3488
6946 8471
9450 8902
1745 3630
3565 1569
1637 3409
5520 1094
3637 1757
5881 2869
56 4967
4388 2112
5045 83
9464 8928
800 5317
689 4728
5306 979
7042 7962
8496 7002
2387 6007
7682 8818
336 5163
5290 950
1679 3367
790 5327
8399 6976
6759 8370
2253 6127
256 5120
1898 4218
1503 3501
2909 5814
1134 3870
4820 184
4518 528
4559 611
809 5322
9706 9784
1656 3349
2562 6271
7364 8065
7349 8026
4265 1865
4858 206
2464 6040
5970 2368
6093 2245
9341 9051
6332 3158
2413 5931
793 5324
8573 7557
8922 9462
8956 9396
1657 3348
2314 6149
7832 7187
4623 396
3776 1270
5636 2756
3043 6452
28 4994
287 5143
6077 2275
4480 566
7031 8509
6709 8355
7034 8510
4136 1985
5600 2738
4951 68
908 5209
6747 8312
9635 9818
7895 7275
4734 700
2053 4104
5742 2596
6784 8386
6398 3175
7028 8512
8407 6982
7473 8643
8297 6713
9983 9964
6567 3252
5741 2602
1922 4208
1488 3521
9437 8915
324 5093
2034 4082
7804 7214
9986 9970
9620 9252
1127 3877
9915 9958
5152 346
7888 7255
8726 7513
831 5410
6092 2304
2324 6139
7260 7868
3521 1484
6388 3185
78 4968
4105 2052
5846 2863
6676 8328
2571 6262
6328 3162
4793 706
7923 7081
8606 7634
812 5323
1636 3410
8832 7668
905 5266
5882 2872
885 5237
5729 2609
2121 4365
2897 5812
1109 5555
8188 6872
6324 3138
2310 6153
8344 6702
4199 2099
3852 1153
7167 7843
5382 775
2688 5789
4035 1463
9713 9794
8569 7547
4006 1383
7232 7814
1801 3615
2990 6473
439 4580
805 5312
4879 126
2050 4107
1521 3530
8159 6850
4312 1968
9543 9206
2061 4178
4259 1862
437 4573
5397 847
4123 1993
4016 1359
8765 7528
9871 9742
3421 1708
2917 5833
7380 8132
3735 1311
4082 2033
6087 2292
1279 3726
6430 3019
6889 8240
388 4616
3690 1823
6160 2315
9970 9986
1335 3794
9671 9833
490 4680
438 4581
8930 9463
2044 4086
8582 7534
6223 2485
1504 3500
1886 4276
3399 1606
9524 9184
2268 6071
2474 6236
6466 2983
1377 3999
6656 3327
4212 1918
4034 1399
6545 3274
6659 3329
4317 1963
4301 1938
2249 6103
9251 9622
1372 4018
3554 1589
367 5177
4647 399
1415 3979
7607 8550
8303 6743
2958 5915
6321 3132
7953 7052
6766 8363
753 5377
31 5015
9028 9309
5085 290
1697 3431
9108 9368
8560 7611
1130 3874
5681 2656
4276 1881
3899 1147
7854 7192
7381 8135
2178 4353
8837 7690
8975 9487
3054 6520
6039 2464
2318 6159
4556 591
8508 7031
8604 7636
4580 438
3025 6430
5673 2830
510 4494
5517 1092
6468 2981
2190 4419
187 4818
4359 2172
8918 9461
5137 284
1561 3485
3389 1630
3887 1118
6930 8446
7384 8114
3553 1590
7201 7858
6988 8429
523 4499
1924 4233
2907 5816
9145 9564
6724 8281
2976 6487
7279 7890
1248 3770
8497 7006
7224 7781
2980 6469
633 4761
8348 6698
7041 7963
5796 2712
105 5024
4817 187
5030 98
9506 9009
1432 3985
2805 5662
6777 8366
9008 9495
3236 6598
7242 7817
7178 7827
4649 410
8412 6963
2781 5558
6274 2557
724 4775
2106 4380
5333 783
3204 6410
8788 7698
6600 3219
6020 2447
6507 3065
816 5342
3113 6351
9789 9701
968 5272
2963 5923
4125 1991
4774 656
1845 3699
2545 6211
1788 3587
2925 5907
6225 2488
5845 2922
1748 3627
2567 6284
7509 8731
4332 2159
5222 935
1262 3756
210 4919
4076 2039
5844 2919
6058 2280
1189 3857
1978 4138
6607 3212
7146 7997
4469 540
2629 5751
6812 8192
9700 9767
6688 8316
1879 4250
1603 3571
6488 2975
5830 2893
1506 3498
4067 1477
2319 6158
1553 3470
3233 6587
3819 1351
6424 3025
2932 5900
1395 4022
8165 6839
9755 9694
1770 3659
8192 6813
9370 9106
7104 7906
8848 7696
4566 617
4829 189
5357 759
3415 1644
3192 6381
2055 4106
7702 8784
9704 9786
4263 1853
8022 7152
6199 2523
9613 9223
5466 1066
6711 8294
8939 9399
5160 338
9964 9983
7497 8743
4604 442
179 4840
5402 842
7527 8754
5422 858
2863 5846
4020 1369
147 4857
3344 1665
5485 1015
669 4707
7850 7196
6294 2591
7302 8073
1199 3930
2646 5698
3476 1528
3242 6619
8061 7356
2287 6052
8907 9430
4937 246
1416 3960
6950 8467
5518 1091
961 5293
3588 1788
1277 3783
4291 1953
2480 6230
9424 8968
175 4830
6825 8221
4003 1377
4130 2000
9170 9585
2421 5959
4389 2111
8193 6812
5023 105
4245 1876
9923 9901
9579 9170
9557 9151
2822 5640
3148 6307
9617 9232
887 5230
195 4851
1694 3439
9875 9751
4972 74
2928 5909
8385 6784
3034 6434
7172 7838
9315 9037
1499 3505
6157 2309
1807 3609
543 4462
9719 9854
8529 7591
7595 8521
4188 2093
4434 2216
9031 9306
8101 7316
2868 5855
8499 6999
3317 6631
6050 2466
1347 3800
5559 2778
7422 8711
4753 628
3827 1356
2862 5847
4274 1883
7053 7951
3212 6608
2272 6067
8304 6742
1608 3397
126 4878
8953 9385
3831 1174
4835 174
7597 8524
5426 854
1186 3860
6277 2554
6934 8447
3372 1679
8509 7030
606 4541
5728 2610
8938 9400
9790 9700
852 5403
4420 2189
9188 9526
6331 3159
2015 4155
6878 8251
5780 2682
8219 6804
9630 9259
6501 3002
1450 4049
5064 311
4654 475
2245 6093
4564 606
2402 5951
8838 7689
4572 432
9397 8955
2785 5568
3906 1140
9583 9166
6235 2473
2196 4431
9838 9734
1324 3810
4059 1453
2795 5585
2085 4168
3592 1789
5393 846
9419 8960
1259 3745
8325 6694
189 4816
1063 5470
2100 4197
658 4772
4318 1966
9503 9003
6608 3211
9551 9157
608 4562
3216 6609
7295 8085
1641 3405
6758 8371
6905 8265
4111 2046
6761 8382
8806 7734
4155 2015
3854 1165
6530 3056
1916 4200
3261 6559
8833 7667
7967 7038
2376 6004
3065 6509
884 5233
1286 3719
9337 9042
2294 6086
4917 212
5847 2862
6753 8376
3714 1290
4812 732
8336 6669
7360 8056
6376 3118
9920 9899
1974 4320
7667 8833
6295 2590
9444 8899
9981 9961
2670 5710
7186 7824
8095 7299
5574 2763
996 5491
7916 7106
7994 7135
5818 2909
5304 977
1397 4024
6354 3095
4159 2081
2380 6005
1534 3471
2754 5626
4302 1937
5775 2701
2524 6200
7694 8846
7974 7072
9651 9797
6623 3250
714 4799
4038 1460
5348 822
6117 2235
1390 4027
9585 9168
551 4472
8898 9439
8722 7448
8226 6820
6787 8387
6293 2583
8009 7125
1708 3425
7451 8665
8328 6695
6078 2274
9385 8953
3321 6640
8271 6912
1483 4074
6301 3147
5203 912
9643 9819
8881 7774
7828 7177
3850 1155
6145 2330
7531 8763
3167 6337
6040 2463
9 4995
4103 2030
8978 9484
5951 2391
9116 9346
7544 8586
1393 4029
4211 1919
2320 6161
2762 5577
7806 7216
6806 8198
8411 6964
8630 7628
9222 9610
