1000
384 136
666 330
904 932
307 654
238 599
191 428
773 878
230 607
274 563
436 215
943 897
649 298
299 649
606 247
826 690
82 533
605 244
818 685
125 395
75 481
612 224
833 670
872 742
506 9
543 83
31 510
127 376
174 345
228 614
494 22
390 113
302 651
87 541
853 761
52 451
858 756
50 466
891 945
594 242
460 43
590 295
998 998
394 121
430 196
133 374
918 959
997 999
941 895
212 439
965 982
314 638
63 456
828 692
921 952
909 927
569 284
855 759
51 469
705 798
869 749
206 408
617 231
627 258
865 766
625 248
526 88
321 639
551 100
138 402
658 326
275 562
767 884
647 304
68 472
101 551
18 490
991 993
465 38
780 723
700 844
768 883
92 527
557 279
175 365
117 391
575 261
910 930
318 634
139 401
475 65
803 716
665 331
209 417
786 717
930 906
323 662
96 523
734 806
115 388
488 15
596 240
97 530
417 201
444 219
484 19
907 929
268 569
330 659
218 433
37 516
823 680
568 281
150 353
628 257
189 425
252 626
794 709
255 619
489 14
197 430
961 924
545 106
388 119
937 912
638 309
522 92
840 679
130 373
742 872
994 990
308 653
16 487
418 209
224 613
249 625
336 167
35 518
663 325
932 904
607 229
509 31
128 375
325 660
536 82
296 590
220 443
339 169
751 876
393 122
986 973
491 16
944 892
55 452
620 253
619 254
346 170
723 780
62 453
144 396
439 212
340 163
176 364
110 554
105 547
36 517
851 701
984 967
67 477
71 473
558 278
59 448
108 548
556 111
861 757
182 362
917 956
452 51
570 266
836 671
646 301
653 306
193 421
378 125
297 593
164 339
603 246
481 71
702 850
679 837
759 855
280 557
467 48
348 155
576 260
56 447
929 907
824 683
535 79
279 558
515 29
577 263
957 916
312 636
341 162
970 977
409 205
457 59
639 312
369 183
716 800
539 75
431 195
46 457
316 632
286 588
952 921
581 271
635 317
697 843
711 792
451 52
848 696
967 980
799 708
613 223
241 596
886 777
629 256
479 73
822 681
480 72
441 214
935 905
60 455
19 484
428 186
472 68
559 277
11 505
587 286
623 250
234 616
598 243
831 672
771 880
554 109
983 964
184 368
888 775
896 940
356 159
253 621
530 97
746 873
527 87
561 280
401 139
2 501
415 199
656 328
263 574
882 769
47 460
792 711
899 950
604 245
963 926
934 902
995 989
54 449
291 583
779 724
893 943
978 969
32 509
257 629
201 413
361 179
468 47
562 274
722 781
540 78
464 39
691 824
573 267
104 552
564 272
344 172
788 728
960 925
730 810
198 429
26 494
43 465
363 181
306 646
73 479
503 4
643 321
637 310
284 565
161 355
300 648
732 808
761 853
718 785
614 226
971 976
964 983
776 887
114 389
547 104
541 85
285 568
546 105
345 171
121 386
34 511
270 580
892 944
807 737
64 476
936 913
797 706
116 387
756 858
498 5
707 796
866 748
916 957
690 825
69 471
633 314
12 504
45 458
769 882
976 988
748 866
473 67
814 738
701 851
648 299
583 290
538 76
685 818
827 689
455 61
103 549
725 782
662 322
873 745
293 585
474 70
143 397
645 302
885 770
219 436
673 830
757 857
39 464
979 968
877 753
453 50
30 515
70 470
492 24
236 618
190 424
661 323
923 962
655 308
204 410
988 975
595 241
486 17
902 951
211 419
181 359
883 768
528 90
500 3
102 550
178 366
77 538
8 495
708 795
733 811
200 414
762 856
729 790
657 327
83 532
334 667
588 285
84 535
777 886
242 595
423 191
825 691
519 37
196 431
24 492
392 115
166 341
735 805
185 367
370 182
900 949
329 656
652 307
844 700
849 703
262 575
513 27
843 697
132 371
744 870
520 94
111 553
142 398
821 682
298 650
977 970
805 735
6 497
591 294
389 114
157 346
411 203
226 611
420 207
13 507
86 542
659 329
225 612
23 493
287 587
118 385
338 165
770 885
597 239
504 11
703 849
210 416
709 799
820 688
565 275
170 337
715 801
974 986
403 137
982 965
426 188
684 823
678 838
969 978
216 435
931 910
404 140
514 26
93 522
149 407
76 539
163 340
231 606
512 28
802 713
335 168
856 758
99 528
310 655
763 863
737 807
774 881
696 848
41 462
710 793
438 213
410 204
533 81
898 942
94 521
667 333
881 774
490 13
214 437
906 934
213 438
525 89
377 126
49 467
42 461
778 889
282 567
245 604
227 610
782 721
880 771
889 778
80 540
427 187
495 25
815 741
124 392
466 41
592 293
173 342
57 446
269 572
553 110
717 803
842 698
145 399
58 445
485 18
240 601
276 561
736 804
301 647
602 238
566 283
912 936
400 144
399 141
305 643
572 264
109 555
434 217
7 496
949 899
397 143
169 334
947 893
579 269
772 879
258 628
311 637
852 704
640 320
85 543
100 531
948 900
713 794
247 602
719 784
911 937
432 194
379 124
593 296
195 423
317 631
523 91
243 594
107 545
440 211
927 909
793 710
676 831
260 630
353 150
534 80
387 116
789 727
350 153
529 98
698 842
155 348
386 117
482 74
668 835
816 687
186 370
810 730
10 506
187 427
809 731
618 234
727 788
360 180
689 826
650 297
621 252
256 622
265 577
862 765
790 726
364 176
408 148
359 160
454 53
859 755
502 1
151 352
791 729
857 762
634 313
159 357
351 156
608 228
706 797
871 743
642 318
692 827
398 142
205 409
122 394
158 349
675 828
177 363
391 112
574 262
366 174
795 712
946 890
985 974
897 939
874 752
496 7
172 343
745 869
141 403
223 444
413 206
9 498
571 265
616 232
160 356
202 412
695 845
832 675
153 350
847 693
834 669
783 725
915 958
542 84
724 779
233 617
134 381
622 255
295 591
760 854
687 816
992 996
380 127
419 208
319 641
808 732
938 911
367 177
887 776
726 789
374 129
72 480
812 740
478 66
140 400
183 369
980 971
194 420
728 787
165 338
273 581
3 500
91 524
806 734
376 132
459 44
837 678
508 32
796 707
972 979
956 917
120 383
908 928
449 54
501 2
517 35
446 57
958 915
846 694
28 513
208 418
962 923
21 482
671 832
188 426
925 960
168 335
942 894
589 288
250 624
630 259
288 586
425 193
531 96
320 640
1000 1000
259 627
106 546
499 8
922 955
14 489
829 674
775 888
863 764
781 722
754 877
414 200
743 871
152 351
611 225
313 635
699 841
476 64
694 846
654 305
624 249
229 608
764 862
303 645
136 379
973 987
371 185
544 86
327 658
199 432
483 20
17 486
239 598
290 584
471 69
48 468
945 891
586 287
232 609
447 56
784 719
850 702
610 230
382 134
721 786
864 763
555 108
146 406
123 393
215 440
765 861
283 566
281 560
61 454
511 33
354 149
272 578
752 875
924 961
304 644
800 715
750 868
328 657
294 592
914 938
524 95
817 686
841 699
813 739
365 175
264 573
884 767
207 411
660 324
609 227
928 908
560 276
315 633
518 34
950 898
895 941
27 514
137 382
147 405
246 603
682 821
601 235
347 173
835 668
343 164
839 676
180 360
493 23
738 814
600 236
693 847
372 131
563 273
879 772
433 197
462 45
838 677
254 620
510 30
868 746
582 291
704 852
894 947
271 579
712 791
429 189
876 750
248 605
860 754
731 809
870 744
905 931
112 556
326 663
811 733
113 390
626 251
222 441
25 491
277 564
919 954
920 953
405 147
753 874
179 361
373 130
38 519
324 661
801 714
981 966
461 42
368 184
959 918
463 40
516 36
819 684
487 21
954 919
40 463
331 666
65 475
217 434
352 151
875 751
987 972
442 221
955 922
237 600
830 673
66 474
333 664
322 642
5 503
993 991
422 192
939 914
90 525
537 77
1 502
798 705
162 358
267 570
450 58
953 920
641 319
421 210
505 10
458 62
221 442
669 834
435 216
968 984
22 485
567 282
261 576
584 289
975 985
167 336
933 903
437 218
448 55
903 933
416 198
203 415
999 997
599 237
845 695
74 478
741 815
95 520
878 773
375 128
443 220
507 12
332 665
266 571
129 378
192 422
406 146
244 597
358 157
996 992
664 332
890 946
681 822
677 839
4 499
251 623
337 166
355 152
20 483
396 123
651 300
548 107
469 46
44 459
456 60
349 154
785 718
758 860
497 6
148 404
989 995
156 347
477 63
532 99
580 268
901 948
342 161
854 760
913 935
81 534
720 783
289 589
521 93
636 311
424 190
15 488
688 819
383 133
549 102
585 292
755 859
674 829
740 812
470 49
402 138
98 529
395 120
766 864
385 118
644 303
445 222
278 559
749 865
357 158
552 103
292 582
131 372
940 896
53 450
926 963
578 270
412 202
89 526
747 867
309 652
126 377
407 145
672 836
714 802
739 813
867 747
670 833
615 233
683 820
33 508
154 354
632 315
631 316
686 817
804 736
29 512
550 101
171 344
362 178
235 615
966 981
88 544
787 720
951 901
680 840
79 536
135 380
78 537
990 994
119 384
381 135
